102249
489166
323028
443119
91357
735446
610234
294255
874631
618265
934085
497379
78043
39529
805632
786908
871769
127873
145781
573669
121110
296996
95818
799095
497014
902769
280453
270914
302367
740124
493901
301620
584304
348789
766073
435680
810621
157768
830952
594637
989220
37510
785497
814085
347730
976062
975831
663600
815523
671132
563731
889007
513355
554086
641959
294668
113078
40469
79239
620825
502838
273576
749089
220228
32672
843168
861586
748748
89544
141116
33336
208950
602367
861035
388747
260317
719736
733149
771572
722289
580159
613285
976480
427647
106282
575296
34666
973435
837554
190996
482760
487832
31402
42399
183066
530282
884119
788074
209142
876864
731974
351042
514114
495904
853657
810663
746298
39370
646027
653131
286298
865817
323752
654546
192346
600229
213687
840218
580471
469111
38440
550146
968396
245398
420431
458110
288043
664274
78539
38766
130516
711483
307135
87179
618229
482401
860291
123318
9930
754618
804039
828135
485505
270455
570528
524819
826296
647631
836794
867742
164276
717665
942733
134748
166067
298367
726399
594956
73365
30268
10487
835617
502316
942737
388316
636834
28223
18364
246533
254132
473984
194907
315967
822330
723258
216425
585680
35651
163453
302935
746876
39682
757477
291651
908707
628120
575339
409631
600469
58740
284945
3254
360951
308517
8844
41844
128539
404609
911068
809887
599208
974993
484813
700779
834615
756541
834924
492693
668975
224140
485941
342803
177757
452972
633132
242071
654862
270465
97901
671432
38555
808563
505972
836552
705964
687679
10900
136898
123244
125652
861030
949841
361581
421833
17668
40763
415311
780507
111253
471582
783553
900570
267671
66935
307230
138089
338149
378066
871220
862943
548959
895995
250316
706496
429040
693964
188184
377642
704553
460575
826606
854566
898783
543036
961529
260560
139368
541436
191718
162749
744440
630832
767514
281314
482564
944958
396244
851248
696621
272396
730513
285515
872901
179276
469915
669658
290929
576301
543306
564559
21759
555636
514953
402238
910378
907942
327909
559485
806436
438470
717424
206399
800037
371143
806129
437307
985245
521878
937131
794938
41543
622516
678488
712325
980166
920058
140481
774070
534058
688140
51259
966052
702367
41428
489253
183787
382415
980908
27487
455710
145890
938462
197769
414372
804498
343977
816742
298350
619043
541573
998721
754398
973019
875941
631446
417112
899222
387174
837409
413966
345833
676064
528719
305185
300434
74865
206603
662594
811295
691151
933685
239288
353375
812171
455784
455213
799409
82729
360313
211612
107102
211275
620788
687290
122922
405014
765773
711826
812004
151443
255137
508542
187695
954262
160003
782682
756948
163178
192218
419990
708065
191971
386601
671206
247867
25323
146626
513774
745551
737077
548594
342510
128902
394332
874474
747070
862932
155660
81736
794188
877717
235641
365152
498932
839892
94938
615156
164060
153679
515767
336856
723198
494068
29133
115804
542098
779726
782782
97415
859894
400050
978503
885630
69964
564274
806805
921891
960068
487473
208076
700151
985987
980930
615275
471281
897525
43959
897839
310210
602382
722617
722891
188474
253596
975174
6867
947417
884393
429726
666571
327439
657241
940444
544653
526452
153235
784738
432283
638372
378839
206470
107218
23124
846673
80842
74583
66125
180487
216871
825869
383667
993924
907145
391723
130122
18674
551202
321158
190543
599485
339564
716528
626141
13209
541715
964395
494293
445905
335861
528727
205853
93456
959879
74895
936947
963724
272383
312266
889742
595525
905773
797594
972745
371326
905741
942386
781877
988507
69569
540771
95114
739729
682366
121314
944994
33129
977412
918556
258055
917545
536735
816903
408504
910859
202882
666745
178137
661946
248056
126348
358548
741707
767092
37658
987853
156142
288848
476688
908822
729329
504876
361073
137881
756798
731349
658197
676245
503179
906618
474040
453085
1578
910907
896430
691975
467634
100836
161527
812256
608069
644921
342759
319792
29173
599542
553964
86568
20848
761142
47377
198821
231862
109233
91557
70551
938527
743296
943206
635500
593115
709452
576469
29590
510323
740055
396604
18800
495801
594884
778095
930432
936026
844960
320334
116745
656985
157868
889919
892463
275000
69658
148116
394638
428849
283503
771898
253187
612991
207080
454819
483601
600318
93257
840451
147352
997510
356191
81234
486160
773798
520992
995314
968244
75716
851179
58182
460622
950562
937700
327802
232856
809740
838426
608073
835360
455610
739644
962099
664792
902697
333862
706287
406407
819008
499664
581135
493055
264226
506081
371551
454678
653508
77367
578059
154169
428498
244068
744330
777869
273285
23206
106970
408904
247181
804773
451110
232250
623764
844303
291870
635834
647806
89374
896273
452639
956652
961015
893147
321044
162527
143692
434887
450560
510699
603474
974391
530129
329019
606974
740060
100025
153703
763033
661417
878683
400618
962958
696382
379828
536358
742097
699972
97273
239998
403706
150119
272951
610997
926312
396906
273516
198735
831124
84996
923480
124259
496555
744199
837891
138677
160750
910836
909675
819695
845422
570284
730851
260774
249930
678244
863521
789036
770317
383719
879285
555969
890047
674827
924382
816493
625893
630103
991230
994452
707626
432590
911309
3977
707500
936332
445454
938539
829407
606613
711519
328826
963259
372999
209237
79513
405510
10516
174249
606333
404773
675211
870757
767911
735039
988997
40489
245104
198172
692254
933960
491820
522877
957607
909510
121778
406171
80818
639304
640147
481929
665694
696465
539259
996713
960234
635302
618943
294944
834357
632529
739614
294480
992295
63981
342333
492513
835156
245965
107731
474212
291943
132158
786724
130147
664925
137581
132800
266000
698200
991921
753036
448666
248770
874948
114896
365605
266222
673280
419005
686289
554328
594161
589005
71216
970115
951169
857684
232735
426668
468044
886466
208792
753359
809051
44695
926596
465047
291489
14138
784016
365140
168794
238204
868175
880323
971155
756239
522362
290279
205214
263965
620001
144495
419377
456590
689283
28007
708612
508908
266581
399138
782862
226340
332848
469428
690426
864173
915326
101458
700583
762206
503046
322838
127870
762579
704207
999662
879194
35028
617503
736872
362389
707102
157789
296845
337643
322842
268285
46088
736378
558385
585935
32722
532155
867047
607324
269819
974890
269763
521944
30928
843946
647649
685708
859992
332023
106667
214332
454402
547682
739595
986805
356653
698970
899047
336432
770913
772946
998059
905928
135287
962054
21712
799727
3076
819997
750336
21720
966406
496198
854559
800118
337105
861484
141809
157839
229893
104094
555273
16316
551961
408938
262283
699275
719103
525089
301925
877913
595147
455589
13082
741824
836457
975973
979904
155615
651373
626195
891161
873564
285568
220116
223526
264602
931692
407738
417423
771405
837505
849567
313935
897350
993614
588283
474706
345982
788836
358247
845993
598384
628652
516846
896220
858382
179902
800497
913283
206252
250076
808784
450396
867967
154123
842066
828913
124930
489425
640403
964686
204686
89810
759685
863378
496190
51039
657052
299482
247271
625830
478946
727022
233158
818306
54687
167686
694548
54083
884037
522938
261738
957938
580911
885816
790601
45793
727747
856666
876652
593393
918298
946253
973343
592290
993981
235652
897536
279705
308260
816146
124503
268176
515289
317739
711301
11362
58419
837038
748396
678603
705369
471816
547098
496883
483139
223961
93019
406062
892185
938664
302903
340480
259604
61770
564295
801100
378751
846221
699103
640367
706808
852953
113365
121076
845617
845579
528953
811189
719322
783100
337147
177629
977135
366379
828302
29838
169984
502135
559039
965070
818818
605218
533474
347501
826172
240011
304987
494976
345013
151220
981791
363719
725556
102167
486722
860168
904392
254917
110297
626637
554422
669073
96863
23338
785860
901726
568673
15841
410526
717943
726856
526232
312669
421016
78941
190333
507165
121811
86864
240731
786792
377344
34084
917464
81775
619777
546711
899007
177506
435714
35345
539702
902545
501469
787251
446522
167162
331623
939765
334663
853895
987182
911378
657572
385984
345400
358530
449441
294674
114651
993342
625568
531312
815305
963896
16386
715272
923662
118044
381888
742996
736204
871914
966885
951588
43362
736965
624243
293374
656853
271269
650255
461197
156256
719021
393073
771242
318890
174245
833621
664525
245977
328386
396149
644900
478986
603264
775417
830027
982803
584151
465945
965516
223069
540826
718465
603867
620696
433061
845522
978
878230
146954
161834
264604
9426
223232
384811
7119
188641
753363
109406
996119
835204
462357
251690
357201
663300
503617
806799
624793
925189
268343
796985
37437
513132
886860
134459
116537
34838
81747
659741
623009
969128
512611
904009
181987
355945
338526
146437
608648
400531
436572
390138
824515
650105
487029
550138
802723
93077
762366
16347
375252
552848
674557
601350
780909
98140
256008
430979
15985
994783
796825
710805
705707
275422
928081
825674
915470
420184
27929
549314
33298
856383
102234
878351
597281
645162
630763
210999
273849
809205
517588
825860
609257
102677
564895
749622
788156
896614
423766
242906
330435
667878
700247
653256
209250
447751
133330
653128
505737
30946
829576
882950
198823
120830
808030
850374
545645
291610
185987
406415
271395
109844
249640
951380
740393
822280
782966
292909
22553
406851
841915
470679
555142
345423
707610
972635
909027
81597
65152
125460
251809
416744
883421
994838
674177
732071
709516
603805
558497
827321
305153
671327
673194
232340
780666
66433
340162
956078
437141
410884
776351
323982
508917
76184
581264
329639
950278
927769
741195
504702
978257
99413
648367
356412
32567
563905
305517
109233
277509
856
695432
114897
912204
735216
202885
206393
95806
391003
629897
818238
81612
70200
978571
603486
255707
336901
549385
228329
316247
468482
452089
401109
74323
112551
486020
149055
914642
860390
656042
237817
627691
876426
483272
716991
676360
810460
137290
958081
302209
842205
40951
94853
666396
960912
563038
402231
366715
759250
520348
13751
195113
38922
494207
322400
484471
386872
674927
520901
48310
658956
470785
826522
485419
629785
893838
979918
388960
199913
895177
290752
127695
359299
605368
95078
65036
167777
798081
351981
845005
280321
51994
225298
979939
380579
556287
20493
846650
392440
840243
645568
167051
753699
15493
863003
345546
995975
53223
651735
801929
454542
117991
10470
772165
424352
555291
296028
254547
877712
963614
216494
279161
681529
780116
238019
575390
556342
924385
643881
720270
835283
970034
544346
271261
569953
727115
558342
348382
499629
816787
129730
772449
385222
435665
681804
761862
633678
397050
625865
868029
289187
789542
300991
822347
461956
118119
136928
419044
802026
741181
131804
773572
54878
19412
450192
828278
828324
464260
540135
913752
324137
973632
873161
387398
964515
571720
285757
464120
321637
137441
104543
258581
997228
339354
432803
588826
908073
572328
308891
171231
181501
372123
611132
853572
528882
618117
653735
616177
701083
359172
201058
372992
324330
372151
165441
446050
408999
582422
786265
966093
382887
191912
11322
945353
872304
80730
529519
113535
793013
783814
369196
477769
545125
834896
254050
138436
653993
980571
819623
501863
551423
313377
231353
604481
768903
403719
559268
787588
271081
509629
423627
745303
85736
343615
274037
786129
560681
8374
675594
447136
476350
534270
238099
193471
593864
338316
312843
148920
673194
352734
67865
329793
260653
35588
117602
864357
351313
724928
666807
958780
271419
359312
617887
982153
489343
475245
132783
969643
431957
124332
88097
184793
859533
630265
274134
896592
977269
744641
657397
818448
665433
360813
404464
432820
446221
274840
367693
98839
53740
390601
648110
381309
244814
102188
85201
590448
54249
81743
124858
113867
536960
15679
293331
912986
847185
127094
97053
182716
484294
38264
923188
886445
832769
907087
695992
195920
451275
388026
713249
255542
630545
422589
71823
726168
957892
670394
104343
48831
263237
692034
955193
443013
28459
880912
292348
646783
239900
867968
549028
768497
392917
433289
701837
726063
101656
740376
386171
213880
279203
258624
428526
657699
767720
604900
114230
550674
832504
854671
205466
3668
453639
575729
186936
992140
254183
543794
125746
318663
657154
983320
366996
302041
400338
784677
824216
852873
111678
50472
331183
442196
134547
642085
306824
147900
1448
306662
914415
212315
437886
470742
697632
595972
206364
651590
258946
852613
865479
535846
769446
843466
289820
534576
872179
886763
59486
590485
69942
303157
112708
877600
140109
482495
518680
195819
686200
849581
16639
543067
963318
607112
14283
314135
349798
99692
980068
182396
285745
649836
713386
614226
395759
679629
231597
31201
579
292568
794663
817113
510857
505440
158354
708145
887968
240901
848748
139371
433422
472640
390163
235680
337872
997668
866592
973585
847727
844608
182475
890001
760737
655360
227651
114115
862719
561397
99149
897845
858062
304015
294965
456461
960345
294069
180682
735722
453025
950540
119902
87671
73880
461895
509793
793288
311772
923770
233730
459403
71632
212026
220437
934607
169451
208124
187452
272693
840035
943867
786354
975288
952767
397025
815269
997027
338102
928053
424630
46958
437847
522326
759381
854864
510524
672373
922955
474488
98727
181398
188891
898263
915284
724489
83297
150587
291408
430287
834001
194881
63163
312268
46353
163065
992249
98956
399752
805133
851789
293919
82756
828796
675187
43651
388053
788847
47818
62794
468301
764672
212678
19660
186472
971424
51698
734707
315565
986296
3087
947955
747128
807246
431338
751254
333594
173601
234117
394018
738503
885864
794585
778238
22575
761394
959921
959809
844939
808153
606329
839170
813995
867157
667167
431745
98741
592151
475782
422374
787814
820544
214918
435843
829153
622147
523929
409924
121704
378472
196838
818786
754556
58001
931185
827777
368253
120877
780256
750248
494270
698129
852445
725689
684715
778697
821801
324846
718802
623266
381194
94592
375845
253
912553
241342
718928
220156
32595
626976
111653
520525
182972
171774
163870
44499
170224
208744
50521
470173
791356
893687
555905
502971
713151
767396
207933
93773
760858
768930
289606
842342
309532
440685
92005
535394
501833
679371
720941
989495
462933
337750
91540
535736
331576
270970
144377
455468
825065
877990
128724
841248
678914
707296
579318
703277
846389
56228
359268
104211
650930
665120
148246
928741
308803
963592
678014
534522
251726
827259
409475
321719
392999
487759
374759
587449
290823
530457
695012
366071
591511
814624
580918
417885
763762
587973
578344
696055
105825
912709
325958
24862
338093
282801
273901
643840
736047
608151
624159
557193
599324
391861
132652
970254
917401
516635
858357
121678
293890
952822
820155
580611
339113
420433
738395
152079
824620
414707
311222
583440
638223
43935
520023
935301
211503
283096
580203
450561
394642
126674
199056
708950
848519
738215
585094
901922
824887
672190
293616
902997
11993
317299
548475
396544
52341
100107
256300
56604
475336
596722
356199
581308
916250
559676
146361
583517
185830
886899
736051
445671
858810
810850
357603
198654
261758
325734
836589
787970
801992
521103
768880
244257
941696
693032
36265
703620
880378
294800
685990
605335
576727
94269
615084
723509
389027
646622
324156
573425
230753
863329
600348
388735
767276
257559
61965
567556
801079
150430
72475
32675
840178
872347
181673
361824
939873
55812
573081
308049
502731
458591
746151
116961
443457
875472
882749
906553
169740
683939
336828
738867
884275
634942
380497
264301
186218
715309
221758
344760
500143
326421
193958
652024
769137
279119
324944
713948
782680
1219
669369
809214
304848
935570
698792
958593
317205
262429
589717
763986
156284
829502
54708
525302
134012
753458
24870
295534
851416
116539
907485
358836
883935
970628
835322
950655
700138
762276
806278
597531
282548
244256
797731
678825
106681
353266
819625
623715
741198
939621
741945
642539
545621
855636
587318
784442
567784
179690
661945
739203
716860
548100
256507
932142
455943
404495
333346
802844
617193
224658
352476
352749
886848
755218
676411
771082
687159
499545
953967
755439
114828
697933
768756
10635
439916
400173
998929
484822
620573
181007
797733
578995
933914
475449
656407
238454
923321
501856
85414
788548
790837
68330
969349
277788
42299
491925
242898
654757
925418
531908
347698
612082
959947
634791
375918
588675
166144
992099
127234
756260
723440
536744
506720
456068
39695
618983
219120
539902
723932
694399
637310
149526
707910
800011
85699
615020
722362
493916
192309
28478
920865
826049
256376
530709
400745
620977
916394
929466
620676
493170
467376
903355
777483
532919
861525
931531
531341
567726
151396
859364
312524
865776
20097
529848
183530
229593
229205
444647
171444
942942
869329
344330
856958
820198
482888
733632
552286
452163
807707
181657
801275
839131
685788
747317
654469
479260
112951
800791
967416
75669
330169
746624
81432
504884
825489
477312
384169
24112
667243
619674
691360
648837
14106
654271
682432
447693
438220
75037
7160
684073
640853
479204
418755
787851
799203
170551
169785
199587
668738
586890
966094
969256
57114
208905
466248
424996
681062
69657
713769
216823
87494
536191
935608
891160
255069
51117
857591
498819
169612
127650
57108
712583
503480
427940
739784
791368
187308
75459
36195
753104
516635
198624
29622
474620
877033
84323
843382
52399
154372
317312
355039
826009
38021
833940
519548
830525
903501
928821
935753
831967
374417
325685
226629
509204
205102
747532
247203
429749
654230
126706
863129
347602
266197
853354
194148
628049
663669
52584
963637
719432
783843
32761
918511
696277
251716
529094
803780
422668
243626
951331
921292
266632
561675
701657
588034
315567
17803
107320
635278
61094
530898
793505
248028
168597
165580
397776
892920
220093
182928
144821
295608
255180
925121
921424
582063
258416
976183
911071
192078
397978
579856
578611
554151
170856
709933
635466
987507
636782
246299
789411
123528
664936
167734
635519
261787
934967
15519
657970
375328
343957
526023
344532
892721
219624
850662
953295
908009
980180
196812
148107
399600
156700
449695
27062
184120
930066
308229
81223
293173
89887
999283
875681
430099
814734
205721
390763
497728
94688
827554
268446
390320
369246
397095
122407
554149
639297
813480
25536
893087
663148
248624
573933
528553
706774
809736
87649
207071
817
628784
818467
83164
522775
917168
204489
642474
325707
66505
357067
773096
175111
815083
819788
110203
440118
750298
589182
631727
538244
438531
587323
549937
772373
321920
712521
345944
341557
921671
897016
328874
916295
689754
603173
477766
631575
318768
181713
836986
2480
78874
98024
298445
359686
7029
726072
769957
439186
951893
919688
143636
706612
964055
678935
829024
908468
193295
631934
608042
604313
577655
618757
346372
13195
831000
362107
233761
563654
260735
915193
725096
947267
317846
232710
2356
379816
757904
519959
193549
266765
660605
385915
652792
497167
607103
120190
339256
926211
316316
723966
177466
961482
187297
887045
108693
826270
197261
361966
931041
262436
689320
916787
743613
3126
480329
611311
279219
591500
39667
661664
718279
226237
636732
705920
662281
969006
548793
407189
881425
531203
773185
443736
84058
933893
254555
141626
448293
751153
704747
706312
18438
796916
341827
698408
475060
898119
243538
285494
402715
520711
147366
299584
673422
256232
648844
125533
682712
45614
207511
365556
759383
995313
787483
979731
179973
944869
270429
131364
34935
749234
466284
575198
653837
425229
455309
966317
390013
891792
684211
494852
831893
777709
115490
48622
260962
289250
828756
151149
458147
52697
233091
371867
130500
472509
954385
279907
784569
421189
106934
90647
610593
497691
606053
469134
987941
972534
918799
778028
151184
213362
447386
499654
731131
115937
700721
325020
831501
546046
749332
318013
902707
155701
44786
987795
857169
946777
785307
374686
164630
190125
160865
983084
13214
75077
635189
404948
623650
247155
778378
587470
676785
328931
847649
72751
961126
557579
789130
688663
483999
831860
21854
294841
863097
613698
969740
712989
437799
513393
665018
602821
148923
120067
163405
505439
900279
224845
467877
108862
13665
122915
898292
822411
208404
998069
398410
684765
903160
34272
951153
890854
901365
260776
692033
496409
392077
573363
491898
828557
755971
961843
363156
629322
171444
419160
89317
208946
580079
526399
195620
202814
634629
889501
483540
106088
722862
462424
69796
405192
270401
494997
506482
408503
851974
436047
215150
548567
105180
666865
334712
501993
859497
526163
486914
959413
493595
349556
740040
463851
423611
308241
228495
907822
592988
636806
16723
443392
750532
790591
883232
19890
309859
682777
181006
132694
467621
252744
554128
265088
832577
186140
281497
693990
704635
386081
418802
612221
11845
87835
394710
87263
992750
340866
707675
836686
456093
68814
76335
135700
557263
94393
359088
305355
164994
158138
856602
116517
261366
382669
273381
433850
57362
921884
10360
398504
720260
151659
6869
462138
480934
945784
792048
236110
154884
252975
922439
540850
853230
397448
828176
522698
617750
852478
867398
908342
707606
227958
869871
484123
770152
114831
465809
414140
935521
2144
729498
509371
408342
815643
836765
153205
770624
752940
120549
192548
344070
54899
820973
584617
925811
931450
538955
140357
274926
406395
582508
224629
812196
505261
415005
556838
706820
750478
161620
594876
431405
370012
129512
103472
306422
234179
490618
191918
41549
692102
916959
979920
972915
338269
187056
529292
314184
564792
874716
349563
39425
607644
35189
614025
349615
501477
463859
940629
530301
853382
125205
43036
537676
584369
37910
200122
824612
864635
856103
656966
265864
986812
728718
850618
140864
734249
303668
779884
340727
167596
175638
167568
977852
753475
604442
306103
208708
243687
814711
652760
595686
246069
821081
469593
817544
883749
578067
638395
552037
68873
716237
829588
285609
838748
779375
635496
129123
284757
266824
180570
42889
454790
468739
409673
346763
995319
913947
971018
423875
458252
59415
53452
137937
792442
71708
315583
80875
307934
953179
328712
487550
52933
365983
810736
151465
983384
884791
937571
775946
991431
441800
228283
429735
878999
256986
334751
934700
808274
978851
792109
325174
913736
275322
493443
58054
638597
703828
829397
340624
933962
988074
449994
27295
556478
541859
761694
619068
85155
170838
725746
87679
845843
25815
437929
759173
115375
296220
601730
672756
645553
539855
159077
977819
815441
363918
453536
621994
458788
12949
460846
405577
408885
735949
930937
259760
978116
387305
407492
374051
315951
251960
811688
426996
459316
631582
876395
465171
508011
943200
29383
605383
583217
868850
805844
403173
629145
521307
924772
831976
506960
124483
986827
645590
399203
959606
425560
67562
42551
284987
924584
829941
919455
329351
174493
621760
89640
158740
888234
988817
988480
59641
307137
539634
233846
947625
292423
548708
777685
616541
572889
729560
587898
870753
461707
11840
577905
32586
583269
746245
324677
284643
949216
838397
221049
731052
658387
555112
277476
954576
407254
452279
915247
59343
237385
993580
298814
358935
303753
376360
329630
113511
777402
625738
7894
604152
406786
168803
173582
33059
943520
566117
120895
284854
791123
334109
196780
48679
746739
389099
164658
319438
377287
915075
619823
89268
970311
188321
950476
864866
659459
122424
275005
417170
979433
434998
284264
698788
495893
648119
88011
469483
334958
618762
492078
755969
432086
135286
45584
608451
100694
519652
364674
655988
783945
993987
560457
842479
994033
878841
669655
866775
303291
349955
532314
924952
194756
37794
44914
760300
278981
807622
975987
809645
458871
334772
92987
242482
62283
39921
602478
440264
415851
881409
157982
947373
618002
747167
155760
249429
855998
297289
179832
97710
832526
123173
957477
130042
344041
6417
101612
499561
651305
246245
153469
367380
262939
567954
378636
259524
873606
978704
322384
384293
122657
744489
807106
634964
739459
83195
683329
794439
144169
251695
349972
387420
61344
109324
120748
854486
560028
9851
940247
441356
99326
619063
41305
279978
756727
160986
990325
60551
32438
502427
869779
556853
197011
512310
583708
886694
125082
374953
529696
105922
15983
974475
999144
809849
468687
407614
772595
723406
732375
787182
179908
448788
675784
336499
847847
396464
515704
865079
743025
935608
602532
628528
965809
813260
767755
926433
650555
81434
314804
13093
667717
239534
768726
369126
744219
759915
729407
55554
417288
715696
872523
228829
865890
128047
412989
235194
38603
626608
862115
956781
719219
619504
728038
219792
258669
820777
329169
209466
532152
354649
264455
430062
589706
676551
857602
978107
5133
263364
591821
269876
74646
489722
416596
496639
202921
240824
113276
440738
250960
779684
718076
310519
987461
175844
486513
515307
807673
988737
473797
258398
862552
32732
930062
389103
762229
516999
517736
219995
843297
98650
468854
732533
64006
193878
529041
754798
418139
37646
577850
965254
211791
841586
762039
632180
431865
565942
314148
685477
741840
573360
399417
562042
278181
821405
438205
717838
252128
502703
690762
680803
824839
928500
543995
456190
774490
489535
431240
329364
873578
91054
906186
803092
641197
106887
965877
15741
950446
696992
192319
712123
499091
817358
336130
639119
22363
242075
818430
565677
602790
827486
919901
326841
18050
803694
183859
746019
562459
967354
223455
945585
478290
613541
375323
911119
777758
283586
496795
684453
306641
228831
981150
172612
752340
144413
363322
218599
212336
549033
779448
692718
716529
852578
318333
492026
802613
651218
216874
516422
430714
423363
37931
151284
917864
615084
800841
28101
604867
326790
715544
720640
658200
316300
608487
980491
131138
402515
374247
822614
61078
862240
791209
837290
137597
702436
9485
91815
161424
436759
329890
856430
281680
311847
69587
429457
652961
609685
784225
120449
447448
665341
526724
10158
170005
248363
581280
986357
865193
660944
476363
28810
586345
72067
193569
793403
885369
720074
226939
16398
198382
260454
884872
974474
982163
852995
229581
135098
474138
46587
470421
453177
175764
553640
333469
173505
624105
375189
344452
963263
362158
576369
676029
736776
775376
399875
736336
153728
428018
466760
101637
180434
872854
83022
352538
968675
400183
624235
936512
775532
70947
786414
878395
202997
144314
435236
634781
559330
494285
814888
172886
894516
40995
410919
244904
237437
74904
987702
591500
325871
508473
127342
236870
377700
118747
603418
372034
191812
546902
400956
487582
989573
441168
75050
643823
852969
433789
71998
950689
223900
2355
629605
257347
970628
317324
515793
911923
54187
947700
157140
463161
242726
151481
748816
124825
261754
435264
662307
210490
930628
956813
176061
28600
464357
827235
24414
515640
558698
808256
59474
45561
298866
485288
11885
789948
959288
271591
655791
379524
60509
425676
98411
201338
916436
463294
184768
407888
61809
598430
253761
126210
327138
244421
924055
714330
259860
114731
88984
455308
56992
590850
715455
594385
267367
181780
554482
876105
335511
203084
985143
104245
567646
72534
352498
411589
555708
586937
264047
778939
727899
744664
836909
537279
864223
298119
301864
639119
456805
335783
644113
306894
948409
670525
611877
285682
31446
318632
50537
299293
125601
993505
815485
565228
165828
526507
798154
302127
651075
524436
582088
973607
468376
546706
720750
50124
571340
784477
621841
78359
403320
349053
3992
433416
475965
698896
622796
244941
687661
790596
453440
918821
347912
412088
632320
600932
624542
720764
325403
421479
902491
133905
472841
464481
132694
880305
646092
404460
465623
16213
37050
37649
479693
798891
559545
685549
11011
208198
974218
454004
366207
274415
631379
447702
816818
496569
304194
636692
511867
671367
211516
449662
171120
586229
329418
152558
246442
195710
337016
274925
569520
41356
459017
737171
45095
686624
86452
298914
790490
647880
426973
719919
430826
183736
143670
81608
538454
249975
724866
449291
71850
591394
402795
176930
996337
204899
54828
956737
609243
969593
986281
749139
377881
282661
548835
768909
875701
835947
335792
915532
790542
224264
646335
554086
42116
83140
624215
65461
809761
312841
459757
939630
339036
203001
251228
316198
5790
960284
306436
674623
791309
654046
840169
638304
921589
121231
705740
872364
562511
699768
391076
149289
701403
635770
983128
810490
810937
437102
144197
903591
360119
723314
367687
571062
194006
557635
649624
223433
140091
279324
433617
612569
25041
654288
451041
558833
986662
172053
66209
249467
453512
368288
396996
667081
339254
652186
321653
179056
829210
693966
720616
874695
295040
169416
985704
230928
597964
975888
915500
601753
591563
563979
673338
637295
38735
787088
586576
310537
871223
527206
454976
248494
470988
239983
531289
675790
338652
345454
734469
46124
869600
589635
54759
141677
881335
594238
264627
910584
16467
615147
384525
773097
172709
838568
86015
826386
186600
41018
529711
144470
243618
879511
514092
723193
507978
708138
20180
930718
937473
733530
941949
831157
201407
467165
712923
765544
225183
161969
345565
176192
111067
792005
509008
4285
247359
389478
511602
799433
694022
689002
551170
511580
498398
822880
218665
12708
830276
441174
876169
489099
857905
954226
918017
953029
72125
403682
785548
196790
631045
519653
469738
456204
511005
339788
126711
208268
314
901749
417846
200620
925442
816914
524588
217774
950764
339015
790390
686848
964093
276864
360289
909984
772276
657442
893613
734380
17468
88142
136691
596580
692437
201459
513036
45180
462544
402789
157331
236156
994003
554828
442711
344891
987045
59835
100745
38109
288928
84922
542160
528040
863502
473963
734538
520371
816891
766799
621790
137824
116507
980779
172201
513896
900843
289167
893076
197578
162733
503921
774200
437555
275404
707585
863695
307214
128212
90299
288197
55890
715484
691875
50822
376238
885631
621017
980702
436262
464298
583773
13044
237846
699317
914001
922267
442300
995802
39104
380494
944162
13588
342293
250179
670311
483850
512772
214581
343297
735782
576018
843
610194
565701
188520
711387
229140
131289
446260
361074
677613
587765
556583
910584
125422
906920
638605
103384
855480
226470
249913
186455
246239
879738
567810
173472
285207
670369
161317
129911
871099
592121
734731
307624
435681
492493
627640
53112
761284
187469
903520
809858
378493
130139
167934
397568
482625
865927
383208
645621
709165
296624
609353
514843
876392
281795
703507
315726
649540
296411
550836
374729
513243
626038
965447
365426
623613
774145
780862
766107
632415
782123
805724
923064
247449
389331
269143
304683
359013
675693
960855
212171
514118
996922
177913
171074
255374
943979
581294
97971
934653
93395
950229
550345
99459
551919
596822
840819
887802
197035
20839
249229
375820
775821
35004
940609
34179
844284
437473
226673
840790
854204
142855
957142
787096
350583
339505
918724
469580
111609
865214
854302
929511
396146
74535
703643
15815
274159
29484
584153
208096
550966
298692
455654
609681
426706
171532
619307
49573
674748
724898
562765
610779
653444
824980
904025
690208
108177
545936
417294
15878
802992
273875
166302
641695
850194
878343
112794
405196
773575
865038
959096
803156
254518
179492
224961
424523
290459
652130
339229
707999
128797
665400
263980
811107
499162
566541
734933
103697
976187
101027
981963
98733
274675
637726
517310
316759
249179
537753
248732
391227
143717
311806
461403
944658
548053
929114
878766
836108
615983
861711
735260
530240
500203
138954
170456
16671
795421
846627
745185
420070
888100
274647
2451
741077
622551
375564
107105
204832
205528
792513
935200
312404
492016
803727
293986
692477
243039
75364
423765
107824
841827
986454
14903
860687
20127
46147
655845
661332
343484
910638
929975
464542
705790
534906
604837
445875
708181
3806
27904
835827
133395
898837
15176
960081
667100
273666
565999
134832
165894
775865
798465
139251
511905
638736
932187
813964
286393
323898
489992
397822
879694
536786
731611
659266
730973
38925
73413
757073
980813
828808
643736
404455
142917
576088
872916
606878
49878
684517
906414
1332
584557
51659
634567
884145
342065
433219
873662
600598
300526
62113
422989
967773
123607
379418
253758
165815
49007
237979
24326
395906
275080
220668
700864
745775
649242
555695
922966
972138
25055
219959
829378
25355
125104
900279
770406
846140
450457
38051
926319
639855
127504
838697
932547
73210
388613
145569
692414
196848
542451
434301
487790
482658
696321
446952
181428
752064
129720
498377
43238
951079
656892
465314
679389
963069
414368
52248
782758
921440
487206
524128
562533
614632
885224
249531
871293
397194
927112
792039
781005
431746
532675
491000
960830
133121
833616
824595
861498
35156
667985
773340
434260
630689
237774
312980
766524
970412
800382
709417
598954
46375
938932
559730
557679
805995
36974
267035
871327
792164
544081
609158
440379
591950
870078
266044
780416
955497
231905
427254
195764
785222
719849
76552
978370
887225
454993
376
174489
196898
982448
853569
615945
242218
866515
462913
46165
482603
852337
767741
209754
324735
505339
673882
569215
536796
312179
31237
528426
113408
162951
177175
443125
635883
219098
669347
430254
466472
886974
407725
734887
496673
996719
642881
827850
553468
129533
505190
713999
873341
634021
860333
129614
169748
787510
159130
899032
30271
146366
297135
978814
957108
215438
733590
180516
596215
498659
874084
563333
770704
833458
764600
426712
44042
156305
532380
38621
826842
788829
731079
404063
596162
599792
847988
958414
107699
408055
507867
584794
389629
151265
336066
290564
182774
982257
974962
963473
577244
929603
893625
568706
79486
162827
215051
922441
266583
557238
18053
673356
191408
878782
276166
380456
756914
73431
383062
617416
19986
94145
761264
171447
925848
783355
260257
709370
553131
20902
7768
715714
276713
613678
855313
5814
525300
83897
779785
947813
208823
677329
995982
143140
139558
138426
212982
639278
18358
145463
42068
830132
182447
814236
311282
527186
202006
895007
537173
43669
894055
268912
465569
902738
389947
310007
942586
701853
948698
516353
799853
95132
950367
600141
462416
540382
398267
921498
698239
460969
218825
912288
652744
833813
722464
904855
463753
751389
182799
308963
867608
286229
286064
420035
28440
399311
752196
686180
33707
55705
282336
166755
980347
723543
537922
652709
355238
118416
443434
999588
489497
558191
757623
241833
435293
138880
428289
274788
828092
454892
115260
885897
588907
674444
534653
837255
455745
726202
621666
306899
159099
427737
968037
917906
663899
115096
347376
13291
62436
160281
596780
354689
936004
106894
181821
547267
22470
985857
703126
928712
851413
413696
794621
268105
903848
939787
434891
587174
436336
374253
975378
381259
253111
323079
651185
104726
194409
843844
35238
824762
987273
789630
313707
286462
353508
95595
148358
35669
627267
550678
93196
714611
209214
86114
288575
786980
97459
227004
400285
718678
640970
814471
206141
783731
719554
506813
272302
773834
884041
225464
362963
37393
991879
406615
463929
487591
928898
399250
92302
93153
910314
588883
305520
304227
300476
187770
141841
781987
801562
70671
974207
543523
985835
332601
252670
537918
952992
776869
707983
971353
445206
410719
699832
702311
770948
975599
804127
995018
599826
497479
861016
743245
406258
661886
809218
21810
876171
185111
90605
899963
530979
133715
880442
681561
139996
948679
470528
389043
611789
840017
678890
24298
904796
655088
210738
447288
815106
643846
979595
471182
852673
135582
596748
325871
63831
787025
575581
82700
821620
432991
867196
277730
675719
661451
112893
589084
395976
31967
359581
389465
333703
610992
57168
388579
454231
306795
83306
632160
214270
322567
616699
777901
337221
65401
870249
600555
536083
40267
402513
521235
898876
793648
260845
684310
586579
240156
59553
745210
284492
736277
66584
565680
86333
141614
914914
20607
492313
721407
607392
250963
237839
845285
286123
44522
619156
898320
795017
189215
936098
787305
928743
401726
57714
674563
917813
68592
829600
902775
237102
972133
24998
405502
536762
617763
135465
476925
738082
576188
681017
617492
371594
492232
966656
234733
274429
465792
324409
805498
747768
299277
420736
162284
852649
902432
474966
208920
420730
681381
841672
304756
677257
578316
312468
50951
327190
36966
333298
809442
537564
529870
216566
457205
646837
788257
700625
265713
421602
42456
854176
822801
859585
788149
951167
35863
909827
327833
297894
543814
10509
884881
83364
118908
383579
772736
706523
251617
954388
39309
838407
812602
167869
89478
505032
928124
701919
841515
592825
557111
341608
550193
353524
547854
335963
166335
653182
540416
182838
924784
133237
471430
186777
688284
14091
745656
513042
261067
586232
786555
945485
360051
691159
287403
530362
720906
189369
827221
943969
985897
698968
829265
560973
605318
67470
750968
403492
686419
813884
474030
925094
512392
588286
531622
550901
309301
125635
261319
12254
141726
95945
570089
987405
167462
997015
972395
13111
670623
316938
813038
488229
255752
42743
525613
741623
245448
658712
901958
121564
916252
26477
11821
182138
320986
674444
589306
488402
846212
435542
783355
214559
742326
387873
295318
89335
856091
931999
497634
694733
7583
469706
301181
396553
378435
108691
743157
33215
259768
914602
353333
256628
914013
16290
87698
136650
160540
903214
280936
337307
726855
667278
197338
265313
898746
210313
929705
821886
79852
876968
297165
222240
486534
778980
558854
613188
109428
142556
290910
886391
492617
617293
23196
335020
15484
239109
719718
810390
825062
739425
246614
183399
396364
374786
155405
161658
115593
941929
713909
704269
659779
653716
103057
113858
930058
235349
280727
205593
798510
526006
854596
490239
557657
292323
944812
695929
906857
26709
712760
606016
550725
304336
513950
401610
565933
522720
576243
758317
162485
792709
963203
267973
129307
473451
507356
44773
160735
889984
378090
139109
217750
182749
445168
390609
953244
833701
799651
578833
668381
259640
345700
847345
93569
749964
12342
505824
403523
284117
429235
964750
969028
451736
449293
195844
247826
60785
332788
248728
448946
260257
972673
66467
415191
884978
840515
502020
9586
408030
562397
518817
466292
181265
676967
541226
769290
118953
683859
862147
715092
7109
179733
198305
541504
294299
34385
293797
220475
345721
176674
528772
710087
936247
846144
459660
967170
292497
423991
558712
930046
708223
573921
326151
742150
646206
996841
821388
504029
418230
11969
625038
659604
980012
503441
175722
783100
427942
735366
68086
350307
450
612725
678465
901168
439620
702574
883310
925865
487086
255248
26241
791473
562376
399590
758493
446989
983627
213344
144613
737461
214785
691207
420368
974493
505010
890910
981772
84368
670430
588265
374873
647618
223289
539241
282521
163146
27311
386238
31070
54792
168132
846671
59163
667572
88016
132426
640141
783937
142920
606827
714301
247344
686951
313681
450222
764177
50849
371053
513174
197447
948143
472821
91523
601891
893872
221588
707748
337819
983459
239367
93101
147262
60075
277957
607890
706813
519132
975689
876157
568071
354476
611888
539546
815479
460490
459280
285
430246
656854
981265
285490
316718
295723
556784
724759
894328
895096
857815
329836
107469
20284
298822
439920
490403
650438
506030
206059
426794
653639
365343
307989
258246
976664
753646
778199
765320
614246
829211
279205
311800
87877
630853
502637
787581
89480
949236
10394
797418
344728
990883
333405
935545
869386
285272
358774
577110
713454
162293
380769
228478
456563
986220
671568
501977
255066
687933
121440
347604
814573
489959
780822
433100
442676
619473
249163
751360
354362
739513
525259
927478
183884
997350
941057
733433
614635
32000
756688
745539
113620
57302
49000
127498
438499
964236
669493
377
344103
449341
876563
639979
468035
607548
905412
73330
804590
654394
675560
361937
700100
893812
169620
98509
683503
750943
449451
932949
823112
261972
455066
620563
110814
585558
720354
234536
92738
193949
603436
767156
500352
347603
764200
280338
108171
768390
148045
632943
974064
685442
104716
443787
878000
878924
632684
175949
507605
921114
602321
928303
729001
400146
664483
914483
161103
517929
881352
26021
986617
926333
19261
802128
68695
132472
348241
270146
802490
731154
131673
196658
807745
56006
950354
561631
316046
783172
67229
122320
154319
651052
200041
374075
964489
679794
222556
283943
38736
50293
454571
978450
78231
671088
622034
787921
80313
155845
970156
823981
697552
442274
958358
355520
176345
355659
660327
567755
276238
939403
940821
214562
57083
53623
591901
806498
575097
281558
715917
921736
937509
342614
916337
158479
973455
864053
351718
983160
689761
468677
375571
619010
774280
509885
163456
841195
312835
624509
212589
863788
305187
981316
511785
988219
44410
104828
534050
333678
645479
754168
138535
461255
134386
387637
23174
159341
68923
458979
158940
263257
841750
803610
880691
835409
203749
512148
833021
770201
183283
740144
561659
720963
470881
109837
209479
472684
435775
380551
467146
470776
23597
163552
363185
572693
482149
105154
420938
949464
698433
245325
74031
567767
623655
119477
300596
667291
731821
550733
923465
326042
173122
513032
795613
539735
637757
225814
187555
984689
261053
107961
718742
948168
301333
890109
492592
400258
46962
518171
723828
378437
61900
670047
176508
254499
897558
962494
28035
801994
767071
68966
227407
88659
250912
369154
784868
406948
729172
448648
543696
526007
107693
9952
481876
577417
603942
415355
397382
106572
763078
12963
629574
872623
448374
567138
488005
563076
29051
835067
796368
588799
520698
474533
550675
592746
718806
491555
685633
379696
311665
30644
942526
115567
61401
43152
24200
494809
332000
881748
355702
312227
740867
548260
848269
897277
687330
936524
343023
435252
745012
58276
96465
905564
10413
619655
585247
66584
976973
687814
10011
21153
569683
597131
307244
568925
581801
271185
970201
271936
740258
698407
315316
866178
759432
363223
749777
909853
170225
501586
164690
650690
875769
416739
688691
905473
397057
232859
52965
390669
255600
130527
789839
508024
43153
562905
313551
272917
974763
259184
498574
740290
955233
534447
702749
775824
502650
195684
541784
494325
170178
601480
976327
384627
114638
762646
439212
441454
615330
344757
338014
331718
66932
96201
626274
942638
165210
591438
74313
937927
444948
588745
162477
330386
794442
661878
369259
460140
699963
474003
922639
159485
853898
565806
583356
470865
588333
894502
632201
483012
810285
800914
583758
49062
98763
163076
535043
188764
914827
222200
424702
645699
2698
588190
333391
876935
38638
559691
758009
545084
191899
234488
331985
355582
799215
53346
15561
839696
872943
531529
402410
826903
739704
261516
979390
247963
332842
442135
68178
558585
141049
186491
716946
884367
700244
81493
13244
731399
988869
778747
131410
963076
824370
984689
209640
651779
853818
500465
821907
924823
702077
253594
327027
951147
234031
838359
208882
115204
571469
288341
839045
524896
271687
790076
544381
823950
822546
80889
392778
951872
529279
7611
885440
141951
795203
117924
83160
523825
256502
948968
16158
849473
510066
12320
425091
487159
190426
509790
102085
924152
493986
106116
349211
149670
831663
449807
434208
380771
349052
706238
85981
471292
51832
499569
294502
314700
138438
347934
469009
762007
896914
533613
134370
363422
257176
299511
627624
272552
653484
875679
978704
853783
654204
267170
334053
996799
8303
423087
513716
475675
701946
690385
587274
557104
488062
204907
44518
748925
303996
320132
320549
772697
685555
577554
581863
270251
493813
13102
496382
392110
486552
101416
726791
328252
446330
288981
116747
134552
48915
732504
359668
321011
868393
320949
549593
206011
549126
599784
96377
214053
86993
382163
336994
822801
339533
776483
533272
773932
247784
573070
574320
107996
272488
508822
325755
64895
758485
642524
931358
401502
966868
114126
627599
594334
376452
687018
500943
774878
680563
215491
228815
736869
213238
518301
472124
709386
482232
864715
229829
720093
111422
612796
21432
985179
201850
776414
521712
124238
492075
834218
394954
444818
87554
924283
957308
386903
326477
783284
966770
302071
185522
225811
211387
359066
346752
130639
519795
688202
519214
967132
733658
580427
809179
217116
300258
193206
169304
240875
429089
516258
187435
952556
274989
163159
245831
803341
470616
980885
321259
695166
899634
209813
558321
186430
800251
744897
266
50908
464814
253486
47418
946992
509168
86005
672804
598213
528013
588757
59003
721521
773266
150209
131070
439543
765196
446893
670771
787122
842465
230645
351361
985370
440759
369148
4751
840398
67198
354054
887370
71807
717796
439649
29244
382657
61230
487153
905235
155186
924704
148555
631686
546656
469113
1359
706868
398975
272801
552692
438753
289968
843287
590436
270781
484012
507042
370786
725759
836857
766840
332433
934736
46588
885447
485986
567428
45759
597846
147829
86263
700791
834980
55925
885167
961265
304551
759510
196539
212127
682135
538814
16249
427991
710478
915029
120717
105260
207785
418010
214205
688290
280013
60817
438855
551838
48468
34772
356710
751685
930891
948111
532610
46957
273209
669390
994172
742798
657791
357164
542989
863617
196599
446251
458353
371269
421540
918186
522466
212523
316601
330802
679802
236448
246937
852360
96725
681750
933340
334595
278527
298162
546844
793094
40027
356653
695272
492057
338485
294426
332656
266029
352716
718663
917462
260277
690307
633522
452645
545163
654888
388212
315330
116654
253791
809427
150919
854279
584662
47850
990563
937804
470964
473314
58169
580220
611100
110427
300866
441071
795145
585580
296981
738657
265740
84306
233819
10260
58336
102874
233169
901871
569354
656570
37987
284615
548229
903955
766874
206616
216118
211513
994311
752286
528385
764753
674041
430479
536671
548422
361313
817275
472653
426291
690289
143117
318641
949875
161327
308804
750921
687254
929422
843993
107121
725413
412482
173286
737895
367531
77203
181800
318229
22697
222127
671609
601740
271111
435741
742989
67154
430648
738771
264783
575710
812553
846237
332905
563259
903242
136136
24106
548466
350912
219699
129601
144453
566778
898368
522813
152391
63958
666467
573517
717997
489970
783016
74846
374505
182192
165007
423750
501047
290688
202749
64424
115759
113682
835502
399553
347326
592794
803269
855624
208185
169850
374870
763521
850160
206414
408367
543617
558787
246309
245481
297544
509883
513509
17338
437281
462065
499977
305537
125859
662263
404904
25775
94532
716937
821737
705163
985141
235799
725993
343145
766881
238788
900162
46380
167496
5622
172150
794538
786562
578007
569354
736887
143793
595363
276884
801922
318954
95986
402999
129026
517117
100142
83083
232538
20122
570591
728642
854500
382011
490928
976738
685872
895126
669411
940094
217921
523169
467230
735395
485712
503014
384154
190982
874708
621054
941771
857399
348985
725793
972043
338272
900194
288296
507131
439507
237456
659509
879206
28270
991730
936028
375224
714633
664087
133941
241262
689622
918737
168281
856787
559136
490155
760575
382550
594282
920145
562420
239523
241420
670442
676018
975848
934658
988103
596021
473405
897534
983878
294968
727328
150263
706758
46654
398788
571015
526326
384743
198780
735046
8492
227235
271695
67349
710995
909531
279486
103093
387281
216206
875558
395120
727802
23420
495987
19483
90466
434337
332023
714288
374958
380591
1663
526743
952652
836140
145458
205990
327427
387270
230991
242921
377884
88112
447721
861016
721056
387132
629268
735061
203262
567854
658537
663751
62486
665639
682632
906718
33939
624292
627375
746966
139235
19027
940891
849309
873746
346191
415295
807621
44429
14464
775183
718666
211173
658062
915839
233634
47026
200820
280884
700457
785875
148638
432464
152210
850848
582024
738144
606488
267379
81692
824906
215946
952002
559584
977425
316576
567796
578305
651284
627301
310811
994114
575625
824483
375583
32259
601228
724196
170831
798787
967734
994174
175804
323752
742402
559030
249039
798305
743504
810295
536471
873688
979328
924842
424145
146485
845068
99678
186587
723107
595456
311812
616248
228620
309540
583605
346103
446176
947655
64683
595629
329183
380917
329249
333625
767648
670388
483473
745382
759405
366915
239480
795162
788107
38845
230685
384384
705437
907978
325789
701034
983930
485635
436595
785531
129560
731789
939560
553316
301967
39434
480653
893601
158688
444833
700111
316052
314267
350478
523793
122996
8415
436489
387366
984986
969888
126812
117754
83935
590798
449154
802025
540163
581063
72287
219634
563571
229113
137873
248219
82886
509834
768545
39946
754751
387765
13047
941661
571489
964196
535793
968738
738292
552328
683737
43808
51268
458832
773851
121818
613708
903390
950152
138381
922306
420817
409749
201250
168279
724367
654753
259224
72498
753073
276744
540767
553018
239488
631670
867567
645217
596253
436736
104201
538564
910248
406318
123278
163668
773401
724434
115612
819644
92439
90485
221214
822925
182802
161597
578241
505827
910369
944588
383075
296509
185681
390015
188170
542345
846346
622573
812225
291043
544084
756437
109137
222798
113543
495708
717124
677319
453513
591293
403039
662730
152320
885009
37018
246316
48281
11518
264977
910783
341236
126855
76829
629319
176469
750387
113498
365342
333991
340653
430866
801557
172358
525077
775998
298944
252984
116506
338748
496199
187096
697935
18686
491575
471597
989753
961710
945342
640168
925973
585440
291280
795512
845602
639551
618839
228151
407419
738103
412299
966202
495377
525565
864181
747809
141187
205307
246280
462808
984948
273818
199834
703768
882688
392646
990405
465564
12381
432086
726589
572792
439315
899136
381773
15297
230036
701251
503345
957079
610921
442631
958037
645191
438785
503036
874717
382824
210964
382618
282403
613856
455391
859166
690411
499920
270287
478174
278303
396999
264422
437514
894903
763031
462408
1704
747959
427322
70447
335648
340109
733800
420634
270457
562700
741265
934783
573328
263328
893851
916082
167590
278591
332809
639437
291542
983613
430069
393099
199064
634368
837559
610173
646256
996701
908464
287065
772566
865397
573614
197138
801317
220903
598423
755776
81720
624599
535329
225395
6865
444658
551971
312839
446932
610163
471400
568691
117368
829345
321870
666674
619637
479504
427628
16822
865883
593707
311609
302484
723067
550963
550475
107894
919907
980132
369784
457560
267199
119996
763890
393108
640862
322910
523292
773411
378832
752742
91487
504852
999313
202096
259325
372559
618140
205623
630405
401166
129280
683820
874736
525545
184844
246266
889402
434871
527101
83393
664874
156131
136925
233721
413406
234373
490591
659392
168505
412994
806568
947902
514369
280022
37502
278441
79178
651125
209545
217704
705903
59521
170564
132213
791467
794512
375192
944343
15006
214913
643457
710155
59211
983850
618072
768089
199521
373247
517139
723732
313404
198301
795337
843437
492689
876534
188335
672480
37360
806434
457166
273757
72878
522899
673024
694631
942971
965020
850705
382304
359028
336551
854629
425833
263271
741360
2377
3762
285768
751424
31875
605601
718004
510294
480083
519065
262884
595477
954314
494123
756651
905660
968431
796573
455871
749921
41261
64757
775436
936960
573462
773981
644019
359127
182191
262103
157947
934598
603263
444526
560089
910532
348118
17270
995088
223177
769109
604314
973971
771960
201080
425323
412881
593202
677948
383820
155188
309614
341624
835199
774970
455592
329168
398216
215902
831560
769621
743382
737651
336802
570408
744186
944306
343143
534099
191872
667248
933220
132098
747148
964575
787918
26905
278038
72218
218597
103596
421358
707433
69210
226419
809172
321709
394672
97297
526696
603041
148177
35934
419478
979342
691332
913528
424590
314824
16859
945073
623049
694905
922927
23302
964347
856615
701585
235027
366647
944037
945033
135844
509419
691039
454258
729371
874528
954715
417678
544831
363902
237337
152263
321933
835958
491269
995281
661231
877165
150970
143421
24346
960623
116879
200222
132708
322096
437488
614509
602395
767883
672262
355373
332290
193984
231620
144142
354167
328757
111257
596765
878594
447752
697330
142992
145728
475510
859306
849276
190594
338886
290751
76796
132538
437856
126845
728285
934868
469261
853992
978151
852347
573377
724697
699636
773939
141135
866293
184944
248012
339910
937165
389480
600929
838918
196606
590030
787529
306066
322168
391514
986211
533344
360888
777086
212597
11638
76999
437034
7025
948631
907431
611359
582598
138717
675161
22237
579441
643303
552239
203767
372576
731064
770324
38939
300042
237297
455209
787976
273227
823246
155195
19482
733463
518822
551573
910969
845636
268086
125939
851686
258709
636624
114491
455364
698107
712617
162442
353828
38920
214456
325906
42069
258332
340195
82834
856891
94986
384431
235357
964689
661306
527242
852671
325583
391439
871397
949205
382949
736567
700935
42814
883436
995143
891564
233713
880481
726997
725050
516837
676260
73830
977898
983838
214485
554543
133970
754224
658593
812498
951124
599602
403047
62018
673327
853592
120988
785667
596928
384585
24503
245033
811868
680204
970304
866645
653509
350123
496523
138281
451964
23336
64835
992966
828450
313519
365698
914041
138481
454037
583580
553047
562130
484476
829508
442061
959680
149499
186590
707121
432798
363316
88720
345666
342996
732821
393527
210280
902897
309815
45606
955133
297670
830223
162092
14327
281791
205588
705115
650858
790486
325428
388889
203118
432534
287749
685122
61826
957130
13346
999140
30404
765864
816177
435528
630411
1333
474401
897314
655794
809275
387287
697580
102176
798069
398303
516693
144639
191825
528385
107892
537366
25906
564353
889726
424268
819293
880006
225623
440335
602627
880112
396851
224658
310157
508575
558283
8632
394606
168232
85434
578021
132859
416260
689559
291358
190029
652562
794438
744485
527997
580401
917752
901768
347000
309073
810260
554591
331424
732211
599854
629607
685868
665262
876825
264779
459953
149208
668835
919106
805172
676603
861336
801860
412145
139962
44085
411448
44576
101092
48030
510302
905914
731076
315135
118055
32099
226199
247335
730277
294905
582311
880849
498178
986548
935681
886814
220399
378026
894145
650714
930999
28842
565868
918630
950573
640405
809732
113258
101801
247208
130061
96120
992681
433606
497203
602385
40131
527697
160102
906555
785070
514269
825531
540065
63395
242540
887675
133023
384998
500632
286986
805055
859865
385200
219469
269026
570752
81037
199013
139522
91892
683590
631664
373906
541792
326258
790194
449697
647099
460793
769190
317328
945848
673931
703934
562576
717445
48212
824360
706660
783944
788177
335828
696778
161858
165079
32739
598716
894559
601010
907795
328908
242128
567692
38781
426772
298420
165122
962696
966643
92047
784665
117651
61956
106493
242765
507507
210197
85079
39544
990754
263274
622326
737427
701573
546311
321097
476917
106014
223241
639950
254241
666602
78410
841227
211407
521637
52052
600060
548501
520571
81864
485490
189527
731182
276350
982891
884410
827269
934679
393529
91035
551307
835093
517529
381321
205925
997217
262190
141762
561698
195376
553124
679247
741177
873362
234639
900309
651353
441886
719760
15909
123193
615912
264776
881118
268845
424644
468810
901053
591245
799569
602690
295501
97290
452484
890796
797102
987121
311417
68058
841913
585084
488877
450472
352764
941334
26118
130717
496785
262205
593209
470040
922006
32208
179887
508233
4135
638251
667371
204491
880621
718567
884781
700355
921043
273554
515296
641334
338489
359345
472346
714780
93520
816496
829457
488328
657252
118858
574876
538415
540340
958630
919226
210535
396290
123354
588829
814820
565343
821288
362796
30941
774450
705021
833646
958743
723054
376250
764387
37863
187431
45129
867925
418491
342283
25053
657681
786745
699759
472377
458013
961075
219678
808309
617905
509138
129760
333513
294692
104789
332602
492497
463572
292663
327190
320598
698116
202836
773173
861026
422392
857539
47007
768794
231794
107526
840274
95660
528174
493595
28054
696221
684386
129229
655075
474325
266344
32218
677150
575269
335308
194540
784203
307253
472264
924891
621385
937582
839660
255792
202526
399144
142590
326771
776788
820475
911096
133417
340260
395958
321613
368358
733514
813911
21206
917781
804359
599998
967409
399001
555375
34941
150305
494845
37748
755563
958203
139002
135344
126796
892118
298544
559675
305278
430894
471015
46780
427157
693590
63619
25513
122570
259416
712103
620462
330531
962155
217379
121974
916471
481886
514614
401481
739409
948867
536004
987074
528446
93147
883207
863443
424683
438138
29212
687713
598191
913757
535852
404218
581934
198929
166439
45180
511161
183423
372398
472479
115127
705042
188078
313472
496642
734096
475307
911282
118989
288223
159509
713551
19193
713126
122949
391590
924034
40884
92656
932279
483194
758828
462928
739504
754283
515040
351253
523108
273784
188618
435934
295085
277471
112662
743097
35753
208527
534692
483284
79257
382668
954223
566738
372577
88125
396613
96583
502340
805052
13302
127918
34220
82148
156784
963074
823480
254558
395869
568147
68474
858506
140292
72477
308312
689723
848910
727779
460356
752569
843617
339445
957337
710360
610873
451051
464279
407903
373906
549937
254722
13339
718654
68959
566562
714201
592262
617670
141448
902908
334012
763077
884198
245066
239736
489462
239435
188659
365643
413676
820017
966696
903281
118499
770345
956380
512855
466761
135229
375968
264729
506607
987754
171211
163624
306158
437314
543603
159701
499555
474322
354813
244912
324646
216159
808295
479333
707890
148944
820166
704798
974439
470962
506336
533013
766130
390358
135689
364121
409422
423406
309650
591440
505803
683691
452991
261210
383608
170450
791156
784488
391884
520738
301011
25534
509413
652191
538614
574525
144181
258225
633914
325974
489091
195780
294848
912066
217405
885239
250283
316580
66849
649570
432017
35209
244863
571509
433265
917092
727698
996568
669427
800925
770536
975159
723518
450178
901631
534166
729810
201543
807976
53204
332615
3237
968622
517359
281859
848481
678962
175600
104033
926319
235819
215667
608695
148711
399423
364815
140797
290482
497034
665832
372993
882266
659663
458122
495070
844836
3041
628939
548981
598569
777267
199320
978635
576157
179888
134653
559904
466844
307891
164837
7566
191534
636251
445756
937361
511903
874313
159137
763909
959429
520754
113487
719832
923257
759031
928857
631767
40218
874288
600570
333072
360868
559181
384363
427184
220336
690967
180853
959885
133727
62609
86452
427805
526733
23659
481904
727330
606453
311477
930194
904304
562395
403118
274224
689889
243858
583404
33117
395449
316831
541920
146110
68554
145653
116262
382332
816738
559539
917440
925139
248830
883073
508788
450659
95513
273504
612569
60576
221683
664690
571272
896108
430137
907446
405094
547924
882854
321302
701643
518328
537199
224929
908614
187755
88674
752961
386351
290143
856609
484319
769726
547602
252828
235510
66581
439182
90581
904771
375967
602137
117928
968392
352308
820396
371021
182290
806163
736146
584676
633727
104718
39907
442489
338523
652302
253850
977914
462994
27335
709607
484748
291760
815513
34303
514768
356884
56014
835318
885971
596856
283555
179472
494943
920345
780916
279093
361263
33435
755698
277007
745452
540904
715377
903647
695787
789787
320264
903217
739007
607482
581859
960462
516659
525029
94965
463920
36706
438739
973862
778498
268295
180224
746883
451566
461969
356950
953837
850004
669128
945917
918446
675227
911040
385938
971944
391627
991823
798089
442473
958211
199666
290641
19488
230824
768364
578447
584533
425530
455947
396327
62000
898591
786853
267251
70286
96246
336382
877147
534853
140382
631260
276812
649269
922247
601597
722183
685736
619116
469845
522001
553750
604453
856064
487779
929324
670497
628875
335611
340064
733348
716116
417701
290843
639807
948290
202796
490307
363397
965907
409064
396643
85800
579852
470665
757541
252320
216872
934554
568375
336990
370731
982962
827387
571525
177982
708732
575023
295146
537000
465630
496568
567905
98273
978643
219691
256991
871936
406
930449
335506
445526
119238
833196
439189
286282
318374
505864
800473
991400
977739
872585
682268
45386
683192
990118
492194
900520
461485
707061
600721
269020
529570
706319
469276
510038
972727
305426
603391
878559
471167
509873
454245
154504
192946
643580
532525
18131
376868
347368
595817
316205
47332
148751
380281
672517
607533
8764
218468
978049
813967
932483
537845
784492
64154
246839
681636
377889
861307
559322
200111
696593
969548
362565
909079
538835
460557
928643
714307
88258
88401
491381
474060
220130
252669
160836
17592
956448
778581
213648
428978
804169
494064
464318
856904
978450
692432
664777
314351
465768
244436
35016
451164
568220
333954
584248
273833
141209
396106
310592
667694
340485
254079
241874
812736
878377
120302
99104
122819
705948
29795
635764
355172
190252
942502
72607
574135
906968
555064
235732
3826
718753
86955
374643
969940
245857
964594
43565
403563
850916
6109
10652
889963
179036
339054
941786
557045
669097
797435
641176
235580
795015
953584
642559
661918
191189
269803
596689
194564
64433
905421
681522
851661
924209
680532
296637
687638
805590
771807
954768
320919
93349
181874
105699
137950
537732
484633
4365
51490
471170
391137
257509
598082
628099
790248
423060
923461
387116
600416
852472
450985
16112
324866
208768
796984
528360
518520
512370
832845
603515
302508
854331
527023
885164
976168
84395
502482
114020
493662
530874
401056
489883
327807
559403
97412
453642
530473
128921
71133
35217
336429
717345
260168
210613
476188
772650
507579
604495
111915
613399
27638
790874
587812
25695
946304
372984
908591
232023
874567
726373
552819
966434
866355
625563
41767
4815
418685
335780
207847
271248
796186
976805
543201
838162
402512
866450
402694
308907
378489
775626
737392
208709
847659
243533
695742
672884
267903
993336
177338
536046
530294
553129
280467
23079
522840
154591
193613
459629
709898
463792
335974
430524
999378
722084
159827
640480
818424
751325
473336
532840
511984
551146
838795
16443
273445
895020
413698
492163
390790
504503
850676
170894
306068
281050
496801
360638
412215
702145
887989
434184
421574
886921
82451
974251
244278
104873
609716
647835
773257
71379
140424
186038
402185
503177
431076
927597
258881
270358
288469
293615
848679
256497
279794
796973
252201
920295
124022
555220
759047
773034
911857
904446
64096
662027
789956
340497
830715
746325
925577
742420
679756
943088
947160
258739
386737
670776
836322
133377
391586
594744
584648
199646
455961
725793
567422
809302
489194
334037
290684
856548
100417
52360
149627
492132
593903
30244
701811
826864
280859
930238
282606
316366
469673
576837
837142
295072
955874
182374
675557
867104
624450
445825
111571
485203
337341
49443
522327
616651
107658
323973
604484
417602
525518
166408
434740
164224
33767
808713
545345
600405
19842
565515
126956
535552
281027
793641
199990
171889
441760
594319
388999
982578
160634
248435
890592
224858
650667
27693
491801
795474
25851
273528
155576
113035
972838
858490
216621
396825
715857
954784
104719
530727
223476
518592
315235
631451
385845
525399
395361
814556
629943
682125
367266
154618
553108
863956
914304
729853
553742
682319
314293
323295
246611
507814
31730
680813
344091
862961
380467
686754
368401
226570
659752
365024
579360
367711
589551
373118
40014
486149
549956
149430
513848
744491
789582
404035
645445
63916
359468
635610
960111
1515
4114
301031
462402
502881
418237
539081
461018
930159
718177
983651
154617
597649
534850
988068
160768
755414
415535
546176
780171
392960
887550
263712
827621
585301
790358
177006
323712
917520
280214
827422
340008
558924
234449
987620
369226
198813
252362
742955
818241
263703
907798
350390
357522
37833
956762
680645
923830
624233
662124
739020
139708
517681
567029
358096
20570
721200
853227
698531
278786
477755
447865
535879
538065
1351
574745
394645
152563
753433
216617
40403
257692
804785
357408
968159
96567
127529
699224
251061
399521
545378
281181
513866
837781
146303
337791
878240
299848
869850
899312
635422
223679
527705
122879
173143
965380
608909
155169
746113
965384
30207
375706
289934
727477
134984
604467
393789
62421
809472
760772
780814
303462
860803
600649
231726
307149
348215
754263
246681
212217
205782
286856
268528
253564
571615
702288
302344
924706
585213
322075
684582
752711
873157
516347
585756
820328
384363
548442
465113
9057
296483
881504
859573
471784
909728
687784
837480
637265
474854
313107
349180
64005
250516
123416
5809
388362
850144
944224
34652
655889
791192
23669
623224
2834
110310
482940
599928
81345
896781
152640
712539
257412
732336
660634
332325
741155
740680
710093
892759
7638
163802
858356
447597
868297
842170
83574
335088
882321
596540
156089
417547
728792
427125
798263
899846
132400
135928
230546
993897
479797
367816
101075
743363
524290
746273
355573
133409
96640
829655
599428
442136
183976
126768
480131
322754
456698
496514
807273
431567
446318
643910
213732
873186
747576
586
737620
992575
558232
213342
253184
745504
828716
244618
798296
188665
101661
391629
316276
326450
23078
249686
531674
523156
472812
140115
913499
630230
493880
131667
598658
773494
224204
45134
200361
64328
10186
363432
987195
480027
77688
52226
651395
803278
136951
636882
63727
164859
852175
487625
441589
362105
885009
447392
837439
856920
282989
998539
193672
906748
955179
314319
922018
498738
1720
813532
212885
94296
942552
254887
31434
874432
406184
398899
294745
740297
738024
915918
453302
128015
23662
968614
661583
526830
165158
471148
515486
721803
500761
46717
939336
391540
255801
242843
862845
808080
594673
119799
942148
97993
249373
777765
290313
214102
377642
594107
558048
871273
963726
112317
293522
711416
951269
399581
483974
421434
127867
829679
456372
634654
478683
835780
142715
736582
879560
170613
535808
416328
431186
31023
187793
210928
46827
701288
265375
66600
754235
943886
430422
643505
525996
552370
132138
960337
867090
895047
793729
50459
984117
653035
782848
484384
335702
548588
734437
529001
312162
929445
593163
874425
437511
577305
940202
641519
199859
732943
356482
28537
471866
293374
334968
309671
211142
931495
908796
472742
562389
806747
118533
425581
198642
13121
515141
47422
214441
94722
743294
261083
981683
665186
573562
598169
662426
141347
284810
935670
813809
73840
233745
505679
541664
475017
827630
140020
474638
147626
601131
810480
7816
667908
903062
57857
706561
36752
17198
568076
174934
829681
37893
930883
241714
907361
396259
963046
517525
308248
858953
33480
398422
535000
477050
813316
145967
658813
932501
359194
202825
773338
206757
237953
342979
593127
34361
729630
237713
390964
535835
183680
183783
583867
651276
1915
762416
621646
690142
963561
880228
797559
957496
653545
456431
99487
68374
10478
916896
179489
322446
159599
153839
646040
445091
458637
62885
580704
538651
829744
955935
630954
608339
365806
671213
464033
972535
450577
679210
976148
986531
963847
267454
43234
493308
433645
291665
248171
320015
485375
727636
113436
423595
139574
753978
696772
18418
667264
552989
344060
701124
572504
731645
220058
59223
237005
900085
464724
708589
489619
244309
60071
634744
605024
525296
632633
165420
639903
225878
229312
785319
926695
366090
582596
560164
708751
501030
326632
667122
479911
314444
74091
128687
53127
948653
981945
813002
13148
999071
824705
673429
105310
560361
605961
575615
502381
93137
373084
616109
439087
816287
517318
265888
78567
484845
752307
853668
528874
940419
949665
576074
711297
462864
587912
845766
720701
940972
372476
244043
792884
357207
873409
177092
647163
673429
324772
33778
972667
565323
101942
369189
501350
174462
689110
234198
258982
903515
221285
479634
315769
780235
663538
45540
802211
239097
485176
264170
144675
506820
725324
534568
337008
743816
965183
25934
69626
448596
978540
831668
360791
143639
322779
369799
603668
386451
562164
38276
73461
490129
943558
880716
446111
419095
794522
962658
318913
267432
91077
498139
482571
128257
561077
681446
820630
87859
956580
599218
809580
220100
263246
833920
567834
788224
445852
767012
911402
190733
373660
989821
518073
989167
606996
138694
676097
747239
400683
116929
77323
25434
700986
273340
307907
421105
725155
344273
827046
292696
283340
965585
151048
500870
699754
77763
815003
980984
10694
252890
197890
883821
676690
250538
219962
690372
564371
106937
301734
140434
324906
541388
907875
355229
611762
919130
575023
926299
54483
564696
104410
767685
86258
398035
554035
524918
216618
38590
589640
875366
275572
263283
986289
371514
776055
227190
787734
174235
797520
557741
138495
175045
807902
295406
168946
759623
365982
923790
367671
96855
284301
774451
623103
437674
280399
945441
17143
970621
21024
623640
232654
118604
243667
623253
463200
872877
28485
378173
226559
725529
9239
953042
456939
524247
400871
256496
485684
339992
185159
558529
225025
749976
456370
257530
114021
234213
33004
156842
977587
482273
547674
452195
732316
788709
80306
371597
187451
405613
666150
208913
826007
480867
970348
323684
434609
905584
236973
828818
331576
459501
466825
201466
825080
761627
851604
472074
499573
415757
51017
558264
119505
857740
585268
91880
667196
294014
84115
108917
987179
690371
32417
743506
486162
590611
76765
76901
98503
827160
166501
864297
971957
943694
392069
391502
723586
301907
91366
469856
812384
271796
461779
54699
293666
459412
522902
772552
510176
628858
737956
65712
70537
746494
899101
787975
875707
156281
244252
896208
41755
939167
911163
970142
429250
136499
162746
636203
62581
75721
664695
220920
831642
800969
792103
665888
718130
706241
307520
48930
569021
99594
749874
338057
860351
515750
539418
410194
327069
836710
714942
326433
742201
265510
462687
469942
820290