51633
26877
47606
39182
85127
11112
62502
74062
27315
26405
10337
38009
55427
87022
27659
78554
71195
75963
37988
4443
91542
91690
33482
22589
77429
88306
44970
87121
60017
90860
11223
71481
27935
95690
11302
43567
35522
56166
52347
65330
25104
7758
726
98623
29733
84806
46415
45648
92964
35054
63016
7904
72570
85330
18547
30114
69531
29209
80177
78121
45143
60009
18547
36452
87059
49600
84850
71241
65672
81131
76505
99771
52414
30855
25918
18880
23073
4556
11072
27046
21323
52711
27287
75749
54262
29429
52586
78792
93858
12135
5437
38515
48407
67408
89576
96087
75908
53275
69376
69399
74018
98613
86934
69496
494
93235
8781
2516
86681
96820
62160
58592
15384
99890
54742
67531
81039
72491
73904
37405
40754
68191
90121
73614
18589
97754
48430
84511
96259
23737
43970
20437
33484
18748
97966
41688
5253
33122
74404
48412
80029
78228
97364
51715
91631
63986
76409
20424
94596
55629
28878
29228
94573
99942
11575
69732
94841
67070
97038
19730
17707
13826
47344
48122
6280
67898
96622
61101
97356
14489
36372
65010
8313
81125
15661
96753
48532
35580
39708
13902
11603
7076
12044
30368
89254
40499
57614
82394
69297
63923
73553
98508
51685
74992
27027
35205
4822
67364
9044
75868
58797
50161
34692
28136
37319
16568
50768
31143
5268
84116
27058
33432
11119
186
41505
60253
60264
93190
64667
93012
61384
7212
4114
25226
44857
23855
93252
36940
54909
18587
79317
1109
96193
13217
83867
1264
12525
17347
29005
25403
71722
24773
36530
73705
14908
24698
38486
39932
68264
38251
60243
84378
60039
75736
76222
68290
89675
85270
16456
30965
12674
95757
53766
72171
79559
85449
61025
70876
4400
78734
98481
47678
42122
4168
67388
29742
9449
9111
13123
42505
57719
22715
24644
76480
8725
49007
91573
34684
36722
99171
75800
61218
57060
99028
47639
30061
82236
62998
99275
60744
91542
60261
11747
94926
33336
86416
47114
95044
90092
56912
37608
50288
37412
19707
42604
66109
90840
99205
35766
28297
2739
53280
65470
10565
24193
85117
78964
1256
19683
46023
48621
78370
90032
55426
75667
11211
99534
10352
4921
87635
15538
70944
99509
39297
54356
93622
1864
7721
59257
20756
25887
33942
31197
3246
33924
63402
49726
47678
86691
68511
69970
94314
16076
58353
4543
8280
24645
85421
35454
53172
28984
65895
90416
44616
57681
20999
61686
35963
3914
87740
63938
25346
81668
5060
61921
1488
3790
22517
73073
41696
17509
61892
99696
97560
10259
29856
67971
70373
87322
47164
81890
59704
72321
27004
10142
62299
35573
25084
37858
59543
73862
83766
53263
11818
10875
32083
28296
54783
52865
70431
98213
56416
74137
39184
32633
2559
57615
77803
40139
50541
15249
3825
68066
46108
6831
83810
73467
84438
28753
89376
49305
31387
38612
26254
90915
27144
48742
48387
59842
49237
908
58104
9029
6467
36366
73802
97390
34870
56405
44825
58658
71621
31472
22955
2962
53387
74025
62852
86421
10354
73775
11879
35146
52257
80893
96459
85117
41106
26907
55617
87395
12116
71777
13334
56284
32853
57342
40020
92229
39535
94383
33525
99259
61999
43466
6545
31196
31662
72251
84480
97509
86735
29568
83205
13153
91477
17725
92585
24466
17845
3669
5604
7899
28651
66302
96545
40707
83005
68236
38298
59788
66493
63123
41267
15964
64628
42634
62016
21061
58093
1292
33760
29902
4554
81849
22484
51453
23527
61354
65421
6534
71477
76040
2044
2838
87106
65355
426
67622
42336
78788
93538
67914
78436
28356
57062
65585
90564
5520
28020
88208
90522
37232
76806
93045
52480
83115
89285
84715
3270
29817
90279
33590
39808
30819
13873
44730
8207
19236
83283
83979
60973
13703
66020
32082
47571
81538
64763
29085
34609
67376
25869
56832
88692
73747
56910
88663
51159
10782
31815
47206
77951
53787
16814
58838
61436
75404
19833
19641
62169
23250
13162
56280
51172
49999
21182
34239
47342
38530
35304
9908
69967
25615
48967
80848
81229
44414
50341
77786
13905
19295
90783
98547
25924
26669
47584
41929
60472
99889
13040
15855
90790
73160
40588
4714
89757
21924
90852
84178
30905
88284
2944
51913
9814
26954
19876
90850
72621
74123
79558
50814
40200
3764
81523
71502
77778
96637
72618
92875
66651
13385
30222
62847
86333
44967
65391
22534
710
57807
182
86946
39083
3690
63092
10591
67820
15225
42343
51773
29724
6269
73251
47037
97918
25551
67970
53295
81883
99819
48283
12582
31127
10233
96652
31529
3244
98011
59149
18747
53693
79479
2866
98633
59849
17652
5138
92747
49214
26781
73060
83381
54138
73220
94002
44105
78249
60360
46479
43205
49137
63778
90778
79136
31186
21312
1115
66638
21683
76555
74101
77858
91919
5662
84697
27177
58461
28930
71416
13209
58963
3262
36264
26467
17902
19860
75435
8357
67126
43652
31098
57523
76337
31943
55411
66117
23952
11809
65972
3541
71484
47612
82299
45266
74287
56883
45718
65209
84249
13944
12458
89159
92423
60966
51832
70668
4801
87517
33917
89887
53796
272
7508
253
21734
56697
25831
37561
29814
1334
70221
10574
20356
98731
72607
87573
27488
73355
90248
49189
55563
22678
36224
80247
92526
38773
52724
84592
70822
62065
43319
64946
19547
16024
63439
80132
44734
65934
48689
16513
62234
95123
24460
57271
23720
6324
37803
32420
84955
95050
26660
16948
26224
26855
80507
74596
41176
89034
50153
43981
58268
55584
32093
12759
25068
34717
73807
7048
21751
40692
44867
42034
80412
10263
2563
6773
47286
60064
68442
95866
30913
92649
86407
63700
3551
8838
52201
20290
32402
24517
32230
64769
51477
25674
72499
65941
7223
41669
22455
50157
34367
89732
22840
3587
39169
78490
29662
27300
48988
71914
78196
15845
60852
75304
20712
71735
27195
73810
73499
19750
44432
859
31516
27872
79182
44126
3769
49515
55004
3876
7180
41372
97040
23876
85174
45907
79268
87847
40973
78868
11795
32360
64639
84212
88730
83425
36617
24305
52286
75871
96307
95512
22553
70288
72663
20896
60195
47423
1589
29635
81623
83801
35241
35638
62793
56381
89426
9576
98438
56719
29039
18095
94207
70766
21802
66823
80015
15334
13571
57994
75615
79029
69575
44632
41781
82572
48864
69971
7237
19080
28843
15130
41880
36357
55626
56896
92908
76244
69675
51316
33635
14690
36689
92144
55681
19392
24637
56411
8136
45263
43121
61414
72287
8648
90481
359
63774
77474
26001
42717
22715
59269
37746
56471
78018
25168
92207
48627
50573
95348
44119
75606
67502
10102
65538
84532
96728
89216
88319
75655
68172
22750
5217
41458
13597
4425
97081
53727
35761
26566
5867
87003
1447
74755
59706
76352
80600
70712
26666
74202
33115
79070
53766
69499
23151
37065
20183
58258
45341
66876
6735
25781
2401
10805
45148
84469
26633
27919
26506
64893
27278
96316
46035
16593
41183
63357
31071
94671
12660
61358
92206
95811
13146
55293
83094
63326
80575
59350
97065
42807
33203
76164
76090
67248
57795
9356
16740
32647
68141
35660
16762
97283
7215
91691
6442
8569
2455
23713
40660
89666
52666
59618
47782
30141
3403
81437
83355
31993
79154
69124
59627
91817
73546
9140
35736
53162
37072
27941
27535
45242
10168
61847
30887
26082
19227
12727
14523
84018
27754
91472
50928
74519
21700
33428
67449
94344
68055
91356
60141
53824
40089
28162
47698
86134
32616
45182
14663
38501
68637
71094
26303
64683
39042
69795
75140
8657
49353
85504
47448
67770
42370
54414
28088
79384
28942
57569
50903
77432
11024
43454
43543
42370
36935
21626
23704
50033
38413
17035
63791
30813
85403
56889
50294
40587
42455
74173
20221
39752
10258
31945
12345
7105
44965
35170
56382
72130
43463
48245
33601
30953
49980
55363
23469
57048
7300
93023
46472
46194
40765
99077
56115
17892
59631
18006
88884
47076
93818
11880
84429
40228
36449
92016
32086
39607
97144
59775
81348
3428
27135
78437
73304
42537
57658
94537
61089
90747
89622
92526
36258
43131
69530
96115
97791
39719
54128
77021
3911
33157
92221
81147
17565
95711
36205
70893
49343
65322
70040
31355
26013
35968
83861
45611
37503
26572
74788
37923
63225
77764
82990
77873
81652
80983
26488
68486
38163
80686
37418
62004
1350
38908
72227
64997
92548
38628
14119
40309
97670
34009
56327
43909
40666
58108
44830
19631
69416
373
74378
24362
49674
85804
79853
36265
39122
37960
46803
9357
88426
13790
10032
25713
70747
23848
10691
65262
75579
45154
5938
27245
90380
20031
50478
23628
42476
68487
8293
43103
16744
30762
11939
38278
59281
54276
26554
7136
63160
50587
97480
75209
29033
52048
79223
66284
64155
34777
41685
78394
69673
84044
46998
90158
57486
88397
25352
26276
17040
92334
88607
35317
41814
11040
62421
81174
73178
74231
3290
31497
35052
93836
72684
5310
26423
1184
53735
46741
45477
58535
89029
72220
37928
23742
30664
78923
16894
12456
17731
11527
93054
27195
72739
90829
10726
50944
79003
46213
11677
8005
36889
6655
29375
93224
47100
65821
94742
37374
43361
64559
84164
21637
78956
38764
26323
67034
86733
84058
74879
98714
85700
45961
31536
12434
46720
90195
77855
27901
5816
8530
32490
1521
26629
10391
48946
57111
1933
13468
75513
9895
68751
91910
8311
7529
72714
82535
42972
61525
1303
58387
96664
98574
62460
56435
61202
76539
84685
14761
73341
6132
65968
44064
90667
21337
16114
55136
79535
2996
34571
70124
38704
12446
36676
35245
50435
32907
42471
75819
9325
25463
29310
22591
93942
91403
82793
98871
85982
5677
10188
20359
32908
38557
4735
95228
2483
58868
3266
81013
49531
6692
38214
26864
80829
26462
30111
91955
47560
92221
7769
13889
96332
52499
51321
50032
44386
44152
880
44969
12568
72415
59578
69540
40340
38410
47485
53076
64846
8400
56890
49333
54895
69462
13141
53229
38265
16384
83550
99606
7486
58206
4540
48362
64178
43107
35813
67856
92761
44524
24248
46896
78955
4974
16103
36799
86858
5420
7400
27637
15952
9704
23742
78718
55573
13434
28655
57603
22377
429
99199
60601
45626
82080
937
98224
99051
57738
96486
6001
39356
6188
41960
28181
8908
11718
81565
22653
87660
99856
74342
19481
59278
91543
52861
41219
63378
11509
43199
95259
88905
76832
61080
11148
474
1518
582
80563
76264
60296
1894
1284
57416
83764
69011
40925
34804
26560
93353
91961
89886
49893
33870
32949
51858
80685
63302
64565
44579
55098
72965
16476
8726
88926
64702
28791
84725
89292
82769
54939
97504
40412
35393
67856
30689
15767
5527
93794
61303
61833
8211
4509
89242
52329
12143
89537
87507
35541
87415
94458
38478
13685
58690
29586
5606
70352
28828
36345
15310
92816
20790
19255
91504
13035
6772
28796
5635
82962
94034
34922
45828
47618
71124
22319
50663
79343
29229
12941
18514
47533
66639
52312
931
9717
22102
54638
44901
47305
20175
60652
78555
87301
6567
44407
77556
41507
27340
47531
32444
18192
92538
66487
13125
6465
6396
28346
17374
80078
97191
12510
39119
83888
27745
85274
45083
28882
50076
11918
45856
11661
61241
88797
74357
4438
93222
710
76731
62061
60415
48190
64056
59641
45574
38469
4421
31555
47177
93588
29219
87122
67095
11206
57247
14377
85207
63994
8868
98069
25927
20797
86107
45286
93190
25254
35110
48500
98263
89582
65114
19640
71829
58844
48823
28899
92172
51932
29928
8456
78817
48790
51699
27820
69775
3334
81248
59049
44752
80437
66985
28869
51789
37155
94205
58444
91567
78125
65217
11715
56920
34619
75366
80192
78643
2841
65846
53806
46683
30420
33429
36426
57087
15931
34556
48874
32431
89648
4069
49447
80359
23360
10271
7838
30402
74362
98820
40009
22651
76323
24715
69371
75172
3302
9190
5046
2812
92694
799
6600
1386
82654
42129
86174
75549
2978
53252
18104
3933
88120
16062
91044
64351
66263
92304
76364
58518
43479
55068
65311
96115
20355
3750
44095
27302
34177
89923
71036
22573
3059
81299
76874
86479
79729
66605
39401
84079
7710
79347
77095
28674
11380
56310
2983
14233
60840
45908
47081
36096
86446
32321
97975
7577
93660
83869
52170
58264
72635
34280
84777
36481
87554
90253
97192
64629
234
35845
19420
73440
4285
89885
2471
9560
64494
8145
41608
80587
75849
95981
77460
15559
74724
21105
21639
25452
60353
21342
17840
22776
98262
8467
81916
28874
34978
9908
54334
57605
65044
2951
5232
92186
98929
62046
65585
12203
65442
51671
82989
58836
89960
79468
73108
71244
11439
41844
52199
93499
12321
94761
20868
73668
31849
81873
87471
55800
89004
62895
49918
77351
12125
23590
75888
80466
66882
46222
64256
42293
62525
41366
55651
37484
24503
85340
61010
43678
89795
94303
93160
40267
63866
22986
74816
62552
67415
95005
10148
82300
43555
19589
7433
14675
45499
45114
54758
94860
96546
91258
1685
6418
67544
42755
62216
24409
69022
37900
16032
37033
64870
49899
94422
90516
77739
83108
44359
59680
11061
84381
75082
66139
17508
11440
59671
89647
90237
5671
63586
22921
85052
67743
20481
10023
34871
80280
39216
59370
51347
18127
40222
26407
38042
69565
32406
10848
38228
45775
28275
28305
77073
7037
32763
92352
1040
80235
45167
80297
75955
6689
85761
72957
59562
43365
55012
74682
30022
82616
69900
1651
69982
27989
44624
67647
69862
54853
91205
54688
99462
56191
17173
90808
49745
19847
4227
70206
94530
4021
77504
30525
86493
71424
86866
76348
87586
46243
36650
32130
28396
99384
2024
58936
44766
32997
17076
55438
39945
48335
16584
24252
63809
61585
95406
39310
3160
14440
11595
77624
8475
38965
72056
24687
97130
40036
650
16281
52348
54057
73002
23741
92461
36729
38677
62500
28981
73419
19572
95080
90854
58874
13892
42411
74720
51586
40235
37364
52177
27196
6114
79471
92621
95054
6570
66211
44504
60039
28146
65171
68539
15346
92475
66826
84570
64049
90115
91608
56193
43390
27036
46387
34172
60288
36248
60394
23190
53313
70376
12564
61072
51666
14345
41739
65676
57126
77421
82710
76600
29117
40023
89300
36585
24975
75130
20157
68771
19104
2732
2162
64479
38084
78609
6543
82614
24918
20224
99665
33172
25960
4071
61532
53575
69215
77510
19938
47769
6401
97823
64175
37057
8004
11397
99725
74953
97019
87702
47230
57722
81822
64279
37309
23664
9010
92314
16569
53779
48120
87030
14090
80911
84352
38022
20558
6008
19230
5094
28647
87241
4346
37327
47316
29205
86881
67400
47908
98373
644
74771
77891
13740
31595
65479
18164
20032
87669
47081
12545
20028
61288
43954
70898
91670
86938
31293
42927
30007
15201
59871
35169
24493
1815
15536
67731
86528
99235
995
79951
65123
95675
34633
85930
71405
82034
27271
98387
28536
4370
63715
35355
14165
39386
92138
67180
49913
50715
18133
81137
5032
94917
55381
37687
5810
93954
90409
96261
28665
92237
13731
23541
83597
9068
53024
33070
8598
43190
21039
35682
94920
99043
14689
21096
75549
2756
7530
10462
79095
52424
74940
41815
44602
93356
96071
61156
87780
43236
78990
1936
58747
78669
70316
67908
15060
98027
44362
16259
90212
57138
52196
12323
44637
28639
63816
67718
39250
22763
53494
5869
94733
8017
13278
73535
64106
45540
79471
73234
74215
68406
21657
90987
48750
24139
89211
17597
70295
54480
44876
37679
36584
11215
80573
92312
88489
94715
40585
63214
96084
38712
76454
65617
68934
66488
97881
21085
80269
14108
48202
18427
55467
76520
23654
37911
8753
23522
51869
62461
99489
59624
81700
14877
55541
20063
54615
42318
98290
9653
7378
38272
23757
3449
49715
59413
60323
72863
76095
29849
33927
82757
26799
69417
17363
52108
21021
24578
98255
48219
39765
33144
82018
83499
87733
23985
20736
28880
6958
33414
4057
50097
8969
38612
86725
5444
99326
64760
4937
80676
72485
59052
48648
62787
95530
88126
73413
39738
49900
61998
15419
7406
14533
64191
35138
68466
5550
40099
15058
76489
2537
21057
31787
87086
1055
60994
3677
15307
91784
44350
41850
8587
28898
57248
30250
13327
14040
13059
98587
85316
29594
3841
33111
11066
16983
71017
1491
53898
16258
14773
56737
17828
38659
54666
70371
20125
88715
43406
78058
11714
7147
96125
22359
90497
24253
89282
88945
334
12510
34697
4620
48435
11770
42781
27344
1134
15788
92954
10925
84472
43692
49122
53023
39599
53371
82313
31562
36768
22961
16094
18012
27534
77174
62186
64457
52714
21231
71187
93161
30566
33429
70720
53965
74592
50017
57418
90152
69661
27568
94934
28657
97955
9448
51367
69613
34083
18468
56048
64961
51493
1126
78368
97348
26538
13927
71748
88266
85690
61311
89581
46573
24953
39491
81067
85867
44182
66876
14729
61440
70991
2530
14564
73550
37447
5328
24246
65501
47499
94244
69870
98095
60176
15423
5271
38386
3357
2556
57548
50776
82958
32664
44511
9205
95901
71803
91469
53715
59833
69303
5815
37214
3774
71894
19166
20092
52364
60020
68735
4704
2109
53246
59941
61924
6758
47646
90729
49260
46470
59551
78572
30139
20526
92260
47303
85689
58589
35444
60979
21672
53069
55397
87185
80728
52965
91968
76247
89787
16997
65621
64244
23206
65107
26750
29953
67513
14872
10185
56595
39199
90793
13599
6996
42235
12226
5843
96872
74263
86775
32825
6848
93674
58579
37861
97318
59068
78584
27564
44411
69829
59395
10692
84827
20379
24527
86450
13226
89337
69262
98180
67139
74196
34620
41301
91325
36344
30108
26120
12356
98652
74858
80590
20352
23354
55389
11122
67925
69546
67737
10234
45204
70185
20400
23465
34595
22719
41960
75748
58886
32350
14507
80163
35426
27639
50273
64537
84677
54277
14936
2874
32422
66083
8505
51672
14987
94051
35769
18778
52498
84015
57015
14878
98061
37456
3570
1679
17218
78905
48891
53321
15347
9917
14598
51296
5738
1396
99069
979
84834
99202
65131
71595
39326
51175
87174
61746
32250
44340
22291
55959
9873
83629
61109
97629
8282
74078
77259
8181
9749
27835
85521
22659
32934
76875
77979
83459
20485
65117
24310
78988
2335
96266
97644
22265
78644
34725
11058
66470
93524
287
10832
48144
60564
22013
64545
46651
23320
95248
72887
38538
31546
56922
67408
40514
33440
94848
30113
47874
44354
56064
191
82749
86129
45314
618
65417
73123
71541
23053
34975
71664
12255
40551
80639
87103
55224
72450
82860
72043
69621
33292
36026
88889
52335
56379
73727
84979
27770
16711
87768
23865
95024
4358
93434
60717
6534
88872
83044
51354
41544
37093
99822
75198
70711
24517
34098
51107
5796
8946
29937
28185
43205
49631
75819
78663
44844
63925
25245
85444
15320
78194
48209
9604
89168
65108
8493
59921
92510
60179
56237
34909
45187
4144
94495
98335
15802
95349
52779
55956
37045
66014
66143
13646
88817
78902
67229
93500
72115
43406
20261
78654
45100
73370
3918
2898
82609
69301
97541
31679
3328
53074
23100
33769
41711
86002
92126
46685
35893
49900
72589
15596
51409
47303
15097
23758
69725
7776
76970
59581
8334
93491
1133
93949
2351
95326
22757
53982
8754
34330
25543
38342
51201
32282
81434
7459
76870
52422
86506
14218
49292
76922
29764
41575
94043
80946
77979
12396
62083
21646
29878
48953
12838
20134
51023
26754
85572
29875
73766
51059
91521
83516
62220
2706
97332
62419
68284
52574
1200
67837
42099
72305
85494
16449
67157
63429
70666
96630
34449
54006
91080
78377
986
26891
98507
79299
159
42384
35308
29974
74403
48968
95893
63498
88049
46339
77284
39402
80935
95371
18658
14871
51834
28719
26773
25328
7525
66694
6509
46334
94192
70242
21470
13213
55147
28382
50426
64904
10601
51604
57913
10568
74399
34
35421
14303
74313
49147
42440
92468
76533
35516
88206
13680
98204
67699
84081
30100
66514
92759
84807
65265
58737
86655
4975
50674
58579
75540
22560
50516
79310
4828
75693
66050
91613
20062
62416
10089
3243
10231
5162
95757
69695
60786
8361
8442
70053
26791
32924
95784
95957
846
68632
71928
44129
26090
53152
69432
25466
16652
91941
61633
49473
30237
44621
87196
52066
73021
52707
35523
40648
172
96584
16187
60028
95497
26510
11170
8176
82023
16924
69555
55427
81538
2931
41826
87696
80163
64254
45258
62627
32304
35192
12693
8506
52329
12066
76286
25556
55641
30518
22947
46908
50533
33555
12016
12332
94096
40190
3377
81961
75110
65318
4201
79780
52430
48644
690
6737
35361
741
35784
32594
79233
72013
51362
32138
70874
50326
88657
168
50589
79917
70654
59387
21387
99258
50043
8709
10538
81569
22812
37364
49260
65118
20645
40984
15058
12550
1190
66709
38469
36269
68685
45359
44533
68039
51112
47722
23716
37151
22266
86757
48364
41597
18543
29821
67195
55563
10602
62445
85066
28579
1203
34322
14745
64972
28364
46259
63478
43701
11337
35627
5326
12465
72645
91233
19670
74483
72198
23180
84832
46949
29865
10982
14471
45223
40725
19263
80222
10554
20584
9408
46473
77636
66838
8950
96472
58281
64661
9034
76490
51061
60131
10244
54162
51370
13268
36283
39113
47928
72557
44569
81676
68960
42613
72974
64121
99834
14016
40056
86005
36322
86439
18692
86119
69622
70109
26938
59223
92331
49773
44049
66405
56838
98797
21526
8841
85816
60834
97513
58874
87569
23313
30721
75169
42005
69656
87618
7383
72190
67451
38195
1761
17151
20911
30893
48062
45126
84993
79218
40145
47564
64246
81284
73164
80429
31372
33748
97199
26494
43759
2145
7048
2401
34551
97892
27855
53015
34438
57516
86488
66783
37247
770
92119
1850
35821
82056
7449
96271
4210
49115
21934
98576
87530
9124
35258
3350
96797
72046
39641
66901
85823
80266
41292
76324
57378
63858
50637
55749
91315
24524
48030
58675
78692
46322
58161
40689
27382
93764
41609
81484
90795
30465
74874
20821
1972
78625
51708
70963
27847
68800
678
69702
6085
53679
85453
62329
62434
59042
6574
95407
46802
50047
70931
6257
381
95532
7115
37931
61806
43137
86674
90544
56097
5794
75627
18134
4383
75381
8833
53795
80633
69055
31744
97979
84925
20824
61764
34593
14384
31177
19692
84783
65153
78656
96325
25453
55163
15325
48379
4649
34974
68840
50679
88531
20302
85502
30525
97
30719
61944
12551
38349
42993
86584
9077
73486
56522
73329
24540
63728
7830
81927
66711
43858
69657
42176
24044
60861
68831
90460
17806
24622
44792
35636
59236
73885
27860
28748
38282
72618
87568
28781
20841
83018
274
51368
70273
87740
71420
16010
48211
15408
31049
56260
9091
64560
29560
37095
10310
95909
36016
41544
97855
82960
14186
4536
53179
10131
33939
8908
47617
55768
80414
7357
37454
54398
20174
28666
95108
22642
22972
68187
6211
49138
94488
48678
64726
18039
97706
56764
93142
41689
97643
44251
50967
69162
18679
1655
18901
66700
56654
43113
43236
83171
90328
86320
30079
58456
46394
35332
40715
45178
68442
26032
98213
69668
51068
62843
61060
30589
91471
17771
9776
53413
85471
11165
47359
6603
90804
87431
65074
80997
39592
805
41403
26117
28977
69977
89534
4842
61977
33147
76038
59460
10625
3814
56263
45984
579
79158
21044
14166
63880
66660
88218
89877
37220
82264
69950
22736
75646
69467
96118
47502
5404
5754
24300
22508
39058
60614
88064
50856
20554
6592
16012
41850
59348
74501
35418
68071
61950
10509
82996
85075
96067
3528
96663
65800
11110
16505
77894
58873
66328
45384
46513
65077
34782
34505
13181
96423
83356
90499
92020
73674
19939
48995
86806
24854
87502
17148
35030
94085
71710
23859
8667
41913
74175
65580
3447
61184
77943
59926
75823
39609
11714
77426
75128
93982
74893
64314
33641
49540
16380
83397
38851
2659
52814
78177
81319
62701
78658
91245
36091
68765
49787
74648
25207
2674
50395
84131
36607
68264
32074
4129
30970
98369
48222
66696
79120
26315
59707
69465
58120
1520
50433
40415
80092
5851
8215
780
25231
34417
73177
40040
21111
25643
3524
59017
59699
61523
94360
9204
14999
65708
24144
48718
4022
74320
81873
27753
29019
93431
57115
33922
57824
23613
24001
61951
55736
95947
17669
40434
82182
121
47982
58104
35796
900
75669
20007
17450
3482
37416
84921
16567
42856
48008
67534
84677
17184
14724
95710
50213
1991
54058
96838
18808
79971
83219
41360
65319
8015
43099
2644
56085
59961
96217
74790
28972
57257
75172
67321
97488
77747
40312
87678
56964
44722
98981
20337
7011
41989
47263
80690
59386
1853
96199
72888
8345
66376
97013
90894
83397
30193
41463
79621
16416
76895
67654
46347
50018
61836
17980
99010
19968
97000
35063
48875
17857
37565
45636
29682
2496
89767
93395
50502
41353
44513
90174
79406
91836
8180
44148
47779
64881
71911
89327
34171
74173
11484
99928
41588
90111
40232
59991
94632
79213
74259
40495
85135
93633
18911
20672
98212
18269
92572
63638
2011
94314
34202
80264
46083
81803
40986
75792
32517
87149
51616
16694
65663
94554
34856
33775
43340
86765
91286
32614
45300
94674
24418
22724
13264
85369
34528
22738
45691
87277
17367
24160
9408
99783
20378
16743
49131
90637
72238
92162
8270
21805
70197
25392
6981
57410
11945
53519
48729
13475
82960
38716
49110
10720
6743
53400
17496
65300
55699
54234
29340
79259
30083
22374
45218
96165
64854
86178
55166
62634
48852
99761
76244
39114
80215
32817
88367
52547
22931
86991
26920
80600
79738
36878
21739
56888
64363
30311
63793
68436
55910
47241
41003
87746
73743
92611
3679
13804
65291
34447
31483
79735
29121
4045
33524
79598
99436
28616
52132
4216
55384
60904
21926
5443
5969
51988
24886
99396
44952
43459
44880
51753
2118
2711
67291
72316
13871
21238
1338
78252
6136
9140
88617
65010
71437
39753
8808
54185
25502
12582
65642
27284
78125
14169
31400
6849
705
83571
70016
7198
72416
93519
36757
11738
99004
36174
52781
51890
50665
32569
38052
1489
28613
84608
83699
2886
49104
61168
2543
2267
4328
88932
20913
71959
82559
57603
92557
36293
34276
98190
1512
81677
22741
50864
628
57601
183
35259
7754
14900
86945
5616
45171
79055
22546
84325
28403
83316
29081
44611
56601
26315
62145
81227
30864
78917
78279
87419
55259
83604
44999
87072
77893
97137
88040
68392
21425
94833
4151
96774
73520
97862
3690
29376
83308
71309
52131
33134
65924
24188
24732
96202
4172
22185
76752
51983
74381
49227
18591
30556
3939
87947
28859
88883
6010
43867
38596
42275
17355
65855
2079
30296
84484
89103
95298
9940
91703
2954
25288
69668
6244
60589
35294
24632
87799
5357
13610
38866
72368
47235
7379
70305
57199
76427
27022
47081
57254
43127
68044
98434
67096
99670
14046
19941
86630
15195
38087
59131
3939
29441
44387
54189
17950
77389
1080
11003
21365
25314
71097
66334
22234
85267
17433
65932
14501
90045
94910
29114
67135
4413
69109
47121
31352
9332
74276
94458
25696
47839
75151
28928
61243
88655
41096
88211
82806
35158
21420
34497
40931
32144
58400
88359
28314
29219
48296
20205
94166
66685
29860
88437
33708
89574
36193
85195
29691
57600
13483
49761
69608
79112
92501
18962
48323
70827
22868
86463
31695
61794
66821
88742
56799
1969
90185
10499
63040
74986
83289
74861
23349
80082
67547
18209
89575
38067
10466
28590
83670
29287
28766
7956
92979
13552
88267
11132
30479
85931
72645
48667
34253
73023
46716
70079
63333
55552
48078
58326
49981
89016
49910
65909
89913
60460
36084
46553
11210
88774
96727
31253
63200
67794
48210
73395
73751
31159
39329
54730
68079
65840
72707
20544
71714
24358
60564
19258
58114
71497
65472
12639
54167
98431
6448
20822
75688
32643
18990
66583
49738
4759
51983
2916
6565
53982
8824
87210
94130
46586
44710
61180
75562
68048
29069
5725
84862
70404
34766
73732
10621
91684
85616
80245
76764
35839
58766
4237
4503
32830
75718
25451
77613
5480
99138
41047
24872
9846
84089
17798
24728
16161
99278
97852
2831
72597
26297
26870
82194
99787
25730
11543
68421
17383
75967
63568
20983
67879
66334
61237
49990
5567
54318
87037
56833
18810
98303
65161
77507
16249
24708
86869
7184
78370
32951
53157
96837
94528
21231
80053
92847
83668
94839
71056
40131
20098
90432
24515
76111
1060
88720
93786
71386
53540
67881
90300
69124
30347
8116
19541
57797
95934
43393
21613
41692
38807
14574
46347
15482
79605
3899
67302
26304
20723
72782
1899
95879
22565
3166
41903
28045
90063
16376
36761
75288
85229
49771
69116
26713
97432
98253
89764
32317
78137
89954
26690
9649
17533
24218
15516
41802
58661
19374
59398
82634
63217
45327
48479
4255
11610
5974
83218
16821
49288
7952
30402
67986
72835
73708
48034
17805
4044
65690
77985
76799
43515
81322
82295
7574
50006
98138
65645
22135
10053
14023
14150
79162
33726
73635
50154
48259
47404
50838
16769
99166
94253
45683
61702
37421
17259
58426
4722
45166
9717
43127
3555
51001
7076
24655
62039
34476
53794
64391
8729
97832
71709
58504
71136
90693
89078
77510
4222
63775
89045
28503
40685
98904
54821
35264
54875
43004
85948
76069
86456
96334
70390
52424
92958
60797
9602
11121
43327
58814
59438
52159
41246
9672
91252
13781
39876
24077
75633
99747
45157
18717
52877
26129
19599
50542
86835
25728
85939
3484
16645
20129
34079
19839
98800
20913
96207
35500
34419
32383
23196
43080
68751
40972
61276
62658
16774
67383
10625
68531
32060
75373
78244
62685
83208
6094
12154
18569
44836
15345
92143
68771
15956
81260
42598
92141
13908
37726
98019
67589
879
21387
74475
24626
68645
8569
2411
85955
56721
61346
69314
27953
59750
71408
49178
79073
43910
78813
36015
34104
72509
35136
54296
80611
61901
11662
65132
42888
11592
52914
80006
55535
28065
64126
4117
73765
76179
41368
20067
18091
53353
4182
83883
53121
18714
68140
73257
6642
91087
44385
31729
88095
7425
19056
83227
48105
58337
83870
54781
72251
46314
98087
65012
31485
14080
13462
48182
94074
28760
56730
44279
99669
17287
79056
47268
35979
94621
38096
56202
69565
97215
53264
54471
81107
47739
57344
67719
14239
79954
13852
81052
13288
39692
90792
31805
54055
64254
11932
29950
85185
40996
64384
8361
32803
90195
86404
7547
26036
86922
23662
48328
89690
89908
43559
28005
56745
31019
97053
96061
51277
78347
97879
26874
21335
17466
57998
86062
49082
62786
91734
75765
10792
61621
16428
86172
39378
98101
65939
34694
40053
10899
53601
60432
60036
28507
93926
9504
27661
20314
49536
88498
45465
4811
25273
15872
66967
19781
33603
30351
31948
80091
44120
75236
85101
96059
67762
19930
83190
94155
12779
68011
6763
12796
64936
79268
88533
96061
84365
82693
921
44284
51496
65482
20656
11207
16969
14949
68746
47360
54271
8071
47793
25
57233
12884
49062
59649
19388
66200
62361
16256
33509
3082
35422
24632
29881
68636
6095
61581
65901
55246
85472
36006
8819
77904
12986
52245
51645
3543
14550
21848
19312
50332
40610
15277
60556
91860
59252
36633
79834
8389
45281
46270
84199
27772
58183
53524
30950
10565
78150
33388
6796
14505
36171
27370
49068
93973
97660
39065
97118
87088
14091
7839
56898
61142
15674
68347
80884
65476
89992
10649
78118
99703
71213
68685
35220
86670
30939
57323
71979
3106
49326
55559
44701
58940
80433
57163
3782
54156
20415
92874
24511
9253
50990
54873
80039
54850
86343
23181
85105
5528
48667
70120
61905
84667
50426
87053
48613
79916
82485
26389
25680
76100
88659
32634
45629
75761
61296
40523
82260
48676
8834
79053
61303
43723
85609
77756
35155
51837
49840
7966
46864
89301
41169
88632
26845
95448
24139
13057
48486
94359
20838
45846
93612
32051
32789
68853
30470
61055
1662
87518
97641
26865
50780
82828
62056
32483
8780
25758
66476
71317
60069
89159
93179
28561
43847
97202
33423
79316
21137
22754
87344
69601
45416
9252
47670
84529
3345
21975
4070
52934
79151
61886
88506
27789
64467
77808
44349
85774
90604
29727
86566
48039
7155
20227
14832
37820
70382
88676
30054
27579
81980
45258
24518
48561
3110
51194
50068
15363
53903
47166
51413
2580
19110
90190
51416
26757
56500
97689
51721
61099
69452
77285
98273
21552
43102
85382
81594
29849
19618
827
6190
32368
91507
59260
691
21682
6417
17048
96260
67988
65590
34536
89254
55514
93473
88453
28239
55828
58933
91051
98143
11299
77760
32306
31121
5479
27824
76476
65717
40256
34883
20220
75529
99787
51834
99766
95993
28989
61682
92248
51928
7345
93387
34046
42786
76980
19867
94268
69239
7709
89753
26857
41713
73733
63981
95626
10268
82293
32492
83521
88998
87294
41154
47526
85595
2801
65048
34107
78474
61689
25736
82623
4979
833
92104
92598
44603
37222
3010
56627
82720
40232
7128
2197
2323
19024
62881
2155
80462
86178
75465
47378
66982
58595
82643
68895
3812
58214
71623
76137
57246
82195
85264
87910
70503
30793
89755
44773
22531
50475
38637
5144
99649
62793
39751
46584
44517
81084
17304
27877
93509
20463
31937
92500
24538
96647
69530
69006
46240
95856
97668
37999
9866
78842
8741
82744
52803
13287
67014
66237
83585
83919
93461
5042
140
85894
90143
31480
58913
81944
3506
61521
85951
28297
73618
74305
53581
43568
73154
6697
61909
94882
22721
68263
89403
21441
16611
31594
9719
47216
89926
40230
65431
77575
23335
97998
64069
8979
77057
94000
90195
86592
40835
63958
57854
24033
29848
47148
36085
43498
34830
43029
3634
95972
85808
73680
36866
16958
20172
77508
64470
4168
55453
22916
11782
98707
83362
59089
20667
5704
17308
74261
16534
54144
59983
85536
88526
92070
58260
74312
52248
35317
79942
71669
8935
19038
63414
11760
63018
8977
14146
21534
20300
45524
18381
902
23736
54373
39104
28648
23994
5947
59297
66807
32675
37552
41724
23774
60181
62594
86538
4043
33812
28275
45920
99215
57662
77591
93384
91615
12359
28903
50286
92041
47071
46495
426
94156
6004
95912
49278
74541
76208
77560
83889
60843
44843
61721
51882
71449
71441
26941
71000
55574
47247
59832
83021
22117
75228
2733
86105
96617
34737
21172
42429
62920
80928
65126
85638
67952
38786
18405
44623
10176
42917
42105
88317
6143
22250
40976
4643
37041
22580
97018
88670
33673
1874
55214
13688
50338
47041
89897
12921
97841
71231
4208
99865
82011
85677
21776
21437
2926
29842
85394
23079
30554
65970
84654
73592
53598
30294
26684
7607
53210
70436
89593
14646
28620
26667
51123
55908
59975
76901
37781
19851
65092
84611
22992
5580
76999
20350
32099
2813
87551
81988
75624
89120
61545
18057
80141
53601
77046
88515
35723
76944
44145
42638
49968
43963
27679
53153
6061
48236
62408
20919
9629
33530
63215
93502
39161
5745
26656
29103
96699
99309
43925
67525
72421
52972
38041
60856
53550
34289
88550
31428
97996
25011
18771
54138
23274
71916
56662
71908
86382
57188
19229
68502
59889
78967
10687
40923
1876
35469
51804
80179
39593
78831
35994
12841
53453
88434
5036
19663
61764
60591
67078
35535
9132
75261
88526
75658
57105
43473
5546
37081
12411
50269
33604
50052
28840
54561
13338
49533
13392
51989
49969
38234
7702
41637
84884
87945
25273
27809
9267
49934
2843
30854
53021
15676
82426
29007
20908
53936
5815
22881
54500
79481
85035
80172
48328
21515
86908
31596
47915
50566
29578
47789
26302
71782
39597
89790
12936
31292
28617
45142
27811
75049
4792
12669
40693
79892
75444
65341
72159
52442
36103
22931
80806
93419
61843
62663
91616
67285
13906
49010
43821
99152
29941
28944
94285
14898
91073
15919
5758
53180
55144
63087
58181
3933
42259
29809
85087
54006
94508
87974
18583
11912
24767
69143
10249
99885
84012
1518
97372
4855
69227
23136
14993
80246
90089
35079
23449
76581
81203
66872
70110
30247
28759
42812
34741
95340
97044
84139
12308
22353
34733
22538
50694
79819
52607
25470
28795
43348
14104
47616
83425
96108
68929
26079
32084
91788
85291
64142
62619
93866
84228
11228
29748
34127
2600
52143
68715
36070
97007
71738
7833
95693
92639
17638
3804
67161
46041
4584
20054
89710
65851
70366
15437
85263
18785
37389
39102
45010
36355
26596
60818
55561
91419
59968
97702
98152
28825
79703
33533
41460
82587
94627
76650
55442
11620
25885
35624
17427
13554
77922
48841
64833
2551
82827
27216
31216
38413
83710
20878
36864
25883
58428
38920
71374
39065
760
18151
34235
61773
97978
66377
32380
11293
52080
62560
94850
21064
84807
38142
51573
81827
73485
64756
74620
89685
53037
80589
24537
56476
50163
76327
31036
30418
22494
78402
7823
94985
94673
73708
37488
27995
62577
15369
85743
98531
58755
43742
63232
95460
22832
35901
77759
51010
67864
9373
14312
2261
90012
65322
93900
42224
57499
26935
64953
67455
31573
24797
64533
64675
87833
2855
47669
48160
60053
24672
58210
65429
69943
10608
69506
1968
91165
36061
63959
68039
19714
25583
25689
88985
65116
98316
4464
37285
79583
33922
85667
44962
89046
45508
80485
64615
74753
61759
62053
37578
16947
21666
20538
77809
17784
94462
84229
85583
67205
87987
3748
53053
60021
75801
90388
56359
1484
47487
51261
76760
62449
87088
88614
81309
17707
62949
12111
12641
7187
66567
21069
55519
53329
37890
57050
25865
26291
82015
81886
1439
52981
26622
66117
21656
85787
11744
38688
69797
99153
55759
26180
978
75617
82618
34480
7781
70866
88149
89857
97048
20360
84713
18548
15526
12476
55884
72695
97947
90634
55328
61700
30422
12315
12535
21107
21365
92766
27666
77615
73601
91771
54075
25507
35852
42230
43970
61461
45552
31001
10506
29264
74713
83443
70570
67603
10358
77924
64197
58932
37106
42142
30764
22433
57541
71706
82837
61074
31958
56807
59621
51101
81716
94224
11215
27233
87144
11150
27346
87481
46786
61460
80600
75531
64186
71331
70522
99697
91233
56260
65837
82213
88329
18491
88394
80682
90516
9420
97242
4993
89440
77079
59906
4230
86787
72369
59315
66904
59582
14460
19603
82612
55053
75415
35743
54424
29058
56073
88500
3239
34344
61301
58072
86370
77596
36799
29630
43215
83077
25696
31229
74505
18963
53459
11888
62331
82725
21682
1389
27103
93921
68951
36734
12510
56695
58786
84728
39200
18060
66181
86367
17545
31161
10557
66970
64282
325
26661
9734
99722
20833
5485
62031
46351
41583
75165
40129
53055
17240
19298
11432
86444
84722
24116
53016
44575
21154
30892
60854
69848
62049
4964
99012
41948
93265
87537
17480
79119
60862
36002
96525
50346
51494
26065
90236
85855
12409
69202
60131
45541
13787
28941
31066
91999
936
26336
46422
32400
7467
33618
35704
41744
77304
82265
6456
6683
34671
24323
97686
69739
76690
85818
29276
31135
98426
36634
90881
50862
79342
44912
43093
38039
81540
66658
94958
12113
49709
95437
3643
5709
34239
76923
81785
42447
61769
49235
987
45792
56922
92403
29008
76602
23451
93909
73396
16413
17561
7643
25702
10461
3045
98665
47040
56073
72282
30359
88520
71817
55424
69710
99205
51955
9969
62107
81850
66745
58443
20288
39396
57409
96854
81174
84709
77029
48606
31207
26019
80210
20623
42596
24073
3911
13899
51456
79281
11936
40307
10752
42839
35671
76961
27039
82504
46920
98631
2349
84186
78836
59453
93986
55429
3915
59056
6009
56963
34786
84461
48456
26779
15634
19000
68437
93870
38104
32333
82818
44323
32818
64404
55985
42530
38198
10064
49215
35040
435
62509
63332
86730
36933
28475
7755
88523
88751
86732
68886
9434
76985
5765
42564
36192
9862
46775
61204
4981
60081
26637
11765
99529
74269
75194
84384
45522
30108
17839
62613
24546
17223
37267
96240
25310
51560
9710
73235
37555
80806
34221
48977
36391
9173
97854
43254
81249
36022
44490
54173
87678
1509
13666
59507
17630
29127
47850
74304
8336
20984
94318
23847
8516
15468
65632
14763
99535
8253
24801
44274
21242
52991
81660
77337
15617
47722
7618
5686
51750
36479
54887
45741
49813
1374
76385
56923
37516
23197
46340
62296
54742
19389
50253
95790
62407
85813
48360
18659
58085
20750
94886
77685
21385
73182
36429
23954
89374
11922
33019
72576
3294
39552
39314
596
66412
82032
58364
82586
80410
74562
38054
2960
24352
55116
49716
6561
42777
53668
8292
79797
58922
90119
52139
70311
32872
42466
31613
51066
51957
40250
67142
93511
66389
94714
47131
82572
33531
58999
47679
85807
40672
86909
31487
75033
602
73645
90614
54373
18646
83316
64835
59045
79259
4789
75465
71190
96535
72428
19125
88185
78398
22429
74178
4372
22107
44051
71056
80226
983
83435
42667
85774
87014
12615
48717
40189
42516
45638
26043
70205
31434
86830
8091
29276
90979
20208
27043
49640
43420
61307
90262
19135
11027
35956
82273
21062
55937
13084
58692
94346
34319
81874
52690
71357
90355
15889
59810
86970
29885
11930
19893
61653
63855
10411
57604
87601
41537
18016
65466
39515
20449
61300
4049
75922
26197
25445
57770
61954
8541
21387
60405
32080
78635
13841
8617
98866
51469
98643
85915
58483
39188
8577
58833
32398
27187
8048
35648
42928
55328
94474
71569
65908
12538
4144
5465
22519
21831
3006
61614
77691
97944
5560
82972
74412
19606
12392
67792
29400
49434
77392
23355
1470
15774
17904
60505
99215
34300
67342
85372
46093
31201
49591
92237
9296
81406
55934
86238
42602
77723
29873
40742
75450
82068
58551
64055
54740
38423
21138
85326
67083
77689
62376
95596
47991
85387
88827
83024
47659
74522
93969
4121
21117
64141
11276
91569
52205
77364
95413
94596
59142
18933
24445
12530
56364
85176
9191
23551
36539
17178
89415
56242
51197
42671
45908
71621
12413
80070
99351
58682
82495
96008
73097
93857
2461
3846
14935
68969
27789
62599
3043
35506
50057
69725
50846
7723
39531
56909
1750
55094
6473
80700
70253
97076
86291
55992
81777
29672
53840
94276
64309
32880
10171
30403
63357
34272
64924
28962
52594
53492
91555
64271
87731
24671
73107
88352
76605
41252
99026
72351
84260
60885
77955
15257
63716
26228
54754
23658
19949
76369
56403
25198
37159
96552
54375
24485
47928
61124
96774
86145
99559
2747
77189
29911
66286
38225
92052
85360
73380
3492
45652
17387
53059
56711
37801
44167
17685
78494
21418
28365
37968
26043
30197
79776
672
12989
14786
7020
92157
41645
49289
54663
49087
84398
39570
96576
79160
78380
69925
92812
85891
95760
57666
25102
50957
75051
33391
33465
23955
8994
23434
38399
86583
60686
98304
12038
84866
30582
40937
77077
79869
9163
89839
83465
36334
56350
97770
96545
34976
59059
75398
2613
74186
30090
96281
14199
99268
39953
41409
76001
90654
23494
91472
23449
45272
6309
77431
14283
43204
89857
51967
86488
67891
10428
88349
2532
54390
19595
47431
48694
36883
83937
11611
89574
91331
75979
5810
19825
99618
55495
31098
13288
31966
34447
88369
18909
96294
72376
62466
46985
64330
69712
34825
56013
87261
62125
63059
23942
38073
55680
4273
73529
98318
29851
21323
78234
15143
87918
16051
70844
17501
99468
37214
3876
21529
17931
76060
18465
44300
47784
39695
77840
89796
98482
25928
90541
37710
76996
32163
5896
67669
42675
26388
37988
15526
82241
9567
79354
52628
21669
74506
73892
76318
83972
94067
17399
29876
39900
67842
91126
42894
11849
16787
18662
58738
53687
86360
85640
39715
34223
31720
81414
47085
98097
23038
41752
62394
85738
74398
98871
46997
17298
1867
35257
27870
54400
1954
93934
57724
83182
38449
11314
57383
99341
69735
49469
3789
41865
4273
57535
55614
23641
23394
90627
1721
76599
21755
10616
92994
25452
90742
64771
52774
81955
10910
83103
72721
88736
50075
78930
17857
51873
76754
83004
35652
50568
79156
12159
26607
97708
24260
9838
25667
86976
32728
546
74151
31833
80423
48793
36050
5597
23997
74571
5390
33947
98542
95070
20336
31755
7296
9005
55159
42647
74531
791
64906
10643
78484
17213
58838
71305
20782
59564
45029
25519
49505
61460
2087
83595
81501
22353
45481
63748
75195
51143
52147
50363
68046
3649
11
53609
64089
50201
27116
36910
44045
79319
57339
56695
41929
71190
3770
57638
50912
77917
20998
9894
65147
39971
25187
57090
19528
65650
66937
9649
89747
87
85218
19829
15100
30493
51006
32362
70157
90205
5392
55981
73827
88337
12920
9849
48727
72486
62803
86923
74345
6670
20723
24637
32927
686
53653
607
74891
5015
71253
5856
27701
20207
98741
93371
19683
52322
70733
87010
72274
10653
94504
4016
44638
72141
1576
17593
63369
73374
97021
32646
36957
67930
18207
77759
95303
59371
66982
67662
70080
24545
81760
20867
27541
37183
28847
83131
88038
18471
76474
28534
71355
41676
4504
23528
60773
46567
22849
75366
13302
30500
58830
58976
75368
2147
66988
43607
76036
47609
1024
14015
69969
57492
85034
12314
67206
2015
90449
57002
60161
71808
39603
51761
16171
7000
35899
40303
1509
48899
71470
82873
76461
85013
2284
75321
38123
15000
30421
60944
49082
66166
62196
23341
95039
92633
46583
31166
982
97654
3371
3785
43924
87520
52338
76668
21177
70330
46237
5177
64907
2205
40879
14491
13694
24578
35939
4956
45612
54534
83231
2074
78568
7107
70558
10061
9898
96631
70135
20993
14026
6705
63179
18281
80682
73039
63562
60834
34669
18948
75255
57556
87607
43146
56289
11896
18911
88016
77075
10818
68553
96485
87297
26344
33828
42134
35581
12949
89866
42197
90630
6090
14564
22224
35267
77374
13219
88557
16166
82448
30498
71100
31
86055
7875
32227
8205
41711
85452
77307
44593
54212
74284
8983
34593
55058
88117
80824
94021
4363
91800
58739
5926
63173
39804
76058
93155
36710
71641
80503
35464
67726
1045
47112
78421
81124
55902
35429
81949
43062
9051
92987
11301
65886
60119
27993
27519
7931
60661
21993
8954
60539
84821
67206
72248
65447
16652
24038
5596
20360
62200
98871
13732
3603
29585
3131
10539
94537
68812
74303
12126
96184
77205
44346
26495
74128
95682
74473
10632
50829
63003
33341
55761
78679
50558
85337
81376
30589
44159
46524
6413
13998
73872
48491
26750
14201
47779
92570
42805
92963
39825
84293
60766
87481
69307
39493
47982
8430
26276
25481
30601
94547
34016
40163
57188
45379
67105
66739
77520
36951
23782
71593
60362
98911
69369
98310
33434
61220
35436
65905
46220
37303
23654
23083
41157
17508
8368
29631
13131
7093
70013
89469
42752
75490
68908
6818
8901
90542
82950
48635
84730
32029
2129
24039
32126
55226
33835
94611
66871
66368
65120
81640
81458
76670
3184
5032
37265
85611
40156
70698
54969
70162
99345
33113
55384
17217
92832
92978
38976
27688
44499
33176
91411
84375
2363
69803
52079
64257
16876
7726
4946
71432
15495
70936
62490
58381
75902
71711
41443
22431
97016
37471
27002
28816
34129
43223
28113
26025
8571
44885
63697
95699
45048
20321
81556
38515
73574
98631
36037
67189
16249
75283
24865
7292
9495
43842
40803
38591
85397
48141
12521
33111
51610
75748
1401
15260
56097
57210
72270
4479
61235
52308
30644
66732
94135
98559
97134
74036
40521
68925
4060
42777
82069
37602
61992
57934
45184
70468
67118
72641
6622
53974
81035
73314
79059
91234
23668
26783
96584
22700
29844
48202
90304
11184
83729
88571
58242
27740
80269
62293
71783
5703
89049
62896
41651
88464
28170
45600
95097
27994
87769
49512
86172
1428
71678
26580
37259
99559
92824
4914
51860
99122
56675
73433
20009
9911
9192
14279
7855
88805
73829
39752
38183
66184
5971
76622
54387
78083
78008
17394
10609
2131
41524
45720
23435
9878
74192
45467
42902
99856
1867
22976
92237
49084
18143
48905
6943
50177
32704
53682
63945
40540
93123
26320
39642
68907
97511
58519
41522
61421
50679
66605
44704
57698
96668
92462
72846
29059
96271
34356
17186
68584
82973
16629
24651
93452
68183
29631
73387
40321
28791
83136
63621
67485
81661
61633
39413
13428
32944
67305
90307
2693
78302
31545
13929
87214
65734
88147
7653
47946
79262
88502
4617
94992
69101
4335
1116
53370
96932
79264
55500
90080
41738
57473
41456
13264
52373
10698
14286
42661
39832
80271
85688
52753
85683
61706
60552
82495
90507
4079
76263
9572
69085
26667
91198
38571
40681
61630
52786
80793
38732
50837
6049
1304
28427
66021
15883
61461
19064
52750
59292
65951
76917
58416
60238
24961
62522
57958
99265
84300
50640
97784
88297
61621
80732
12263
67039
59136
50119
34505
70371
52505
12083
91423
81857
39634
24991
75219
15962
89315
16455
45321
31755
39078
52427
41306
73462
37195
42595
54083
31408
17043
51216
6904
83852
15693
14667
9479
42643
29751
85457
50171
64317
70137
51948
98103
75803
33673
94097
87756
79635
12673
3911
42906
35220
42704
18305
70228
64193
56970
64580
28586
77764
55827
48488
6290
75958
38459
42375
58582
61185
45478
41523
80732
64911
83154
2181
58490
75751
84389
60216
63042
21763
41938
45685
45299
98283
69334
9533
57270
90381
31534
58890
39840
87736
45368
17985
71209
99417
34725
85396
67006
78286
22987
21769
75853
43016
18028
49204
59162
79458
80940
41036
20557
77595
35409
62626
78279
34342
82889
36948
59138
10533
48086
21959
47479
51121
53345
18533
52385
26791
68744
34646
34235
10823
23438
20221
56204
92200
25766
44387
47278
23394
48467
51780
29925
89386
34452
56645
68063
50111
48320
85546
31500
23186
2235
8513
9831
99295
19285
68635
41987
72621
62760
81519
25770
77371
83154
30539
26421
79197
92727
18187
22668
51502
52332
75664
70492
68244
96714
90738
92942
20774
2454
89411
24543
49826
99293
36065
59443
74971
4396
33115
28114
25275
22529
99934
83818
31147
62452
52706
40330
21502
22300
76745
14131
38150
52109
81140
68579
29446
34203
36901
63780
86903
11722
16193
12900
29856
89949
99335
83275
35465
40750
52040
14110
90908
5793
43527
46654
25483
18463
18920
43726
25870
75707
20673
15043
75851
17141
69361
90
76389
97549
50434
52907
45859
39245
20920
27032
98040
8830
89979
21754
50354
43767
85277
75784
45833
72016
67832
94876
38344
13721
3565
30959
78107
65975
84243
47956
93455
54891
28309
82624
57972
35728
20810
78741
34571
81205
26838
31424
66840
38224
40003
62798
42847
79731
67498
83957
92891
26147
77796
24769
53875
95654
77308
2793
53592
99745
93443
72020
38854
14301
78900
4398
73259
48
67759
61708
12780
41165
21522
16608
61826
7235
87870
52047
46632
53693
82369
8654
74977
30863
3013
21406
73944
60595
38300
65271
2770
14907
476
70620
89714
42533
86974
9926
57240
23144
42742
18777
80957
81126
49107
97497
27066
72134
1665
56471
27718
75227
15360
37980
51945
60537
77884
59073
72524
64420
7676
76690
86060
84849
52071
73166
54264
72702
22649
97332
43746
13491
65134
14766
96480
54616
8366
11937
66884
84949
52615
33026
42164
82412
58764
78151
18516
50601
93001
88617
20325
9821
30967
22327
53129
49349
28794
22657
81773
47175
17353
72053
9810
725
37432
29752
25309
52613
9149
54875
29325
39170
37273
20458
21324
98903
80398
85703
62949
46170
45466
749
10226
76377
7837
27296
18801
47140
47176
44961
45983
29366
82105
2374
83430
30241
19658
87765
47297
72151
7243
40657
665
28777
24067
12376
38403
53062
58446
46678
47828
28443
32169
38865
77907
16387
52720
7562
36972
57534
57533
78996
84274
66417
675
38869
45626
31624
80472
26907
82728
73772
20239
39722
22951
66973
36449
75649
26208
63176
98098
39528
48825
16712
5038
61754
91363
72568
54191
56439
42947
99625
77934
92693
10723
84740
86830
59275
37956
49039
48774
84381
42163
3612
70166
90750
41096
70961
70155
44874
62246
4573
64830
99883
58920
38099
15874
24924
33252
96568
81632
21000
7452
99299
35045
15757
29206
12745
44561
56220
41271
49219
92925
98292
57522
68989
84243
13393
45453
61760
25761
37054
92370
38592
42907
64329
99843
76917
11260
22458
72897
52280
23088
12
98343
71558
94162
43812
9925
29373
11936
64359
72412
31588
76276
58988
51871
21850
13546
30208
74323
89686
59370
97646
21223
43
88451
78926
49980
44348
86085
54459
54863
38527
36778
90387
99283
42451
68524
76865
3831
79348
98033
5810
28900
12284
600
68831
82772
24633
84931
84900
93500
48239
55528
21777
64668
30486
53517
68861
29550
19453
34374
49162
78677
32688
315
28248
4335
37825
62863
18972
30874
46958
2577
15271
42593
62408
30450
53244
24118
92860
58582
89656
90168
42095
14191
53865
49594
67559
82732
24095
84953
16644
39038
46688
6475
28843
47786
86955
12343
89956
16074
51706
60593
56310
40123
64461
91719
89595
3537
13964
60543
87062
92204
64781
80924
93002
44262
87536
11003
6878
95535
65782
4756
61258
92144
29168
31635
54467
15082
66001
87786
48556
23410
17691
51235
59194
77131
66381
12849
67198
66010
22385
96840
17543
91927
24327
34946
28047
65090
86144
47463
51048
85439
44461
90615
47645
10671
45192
98955
20160
82839
98623
88587
52595
87326
40398
87551
45646
45602
66761
2440
69525
27466
6301
54660
2948
35005
42501
93965
70191
16433
89122
59053
56679
70222
19949
29047
22926
64820
10557
49064
70115
22511
32857
60106
44612
16924
31983
60188
63231
27606
71722
49172
49590
53311
61047
38477
85980
43138
40736
92792
61977
82024
39420
81895
41638
8256
84585
97195
33142
64527
94337
90237
32369
33014
95743
16288
71254
92059
27040
19888
84513
19001
12443
75521
68165
73411
98630
58727
15931
13030
27485
5008
14167
247
64750
93602
97378
34234
68153
8966
56269
86137
71927
5826
22450
72720
62264
75335
24535
98530
40287
57346
57005
61677
52155
83576
16514
37315
97737
69987
89860
78817
43630
9185
6201
19712
51462
55232
16248
71222
61769
47205
17225
4966
83411
6261
84143
97452
80087
66943
31563
37676
9555
44485
86418
6667
6923
8625
8538
19506
16023
57026
94109
73631
60258
70002
41739
45453
70079
38624
44624
31479
48183
23805
85210
17627
77115
55879
67296
49219
4924
37271
88064
71457
4726
13668
92429
51823
98910
39915
47441
93493
16525
16312
75277
5724
24144
22314
25162
29105
14973
46598
70838
8935
75579
67525
22475
27039
33243
91473
99672
75103
59727
10377
56867
71726
38149
32287
53603
59152
91108
90180
49762
67023
87858
51353
30448
6752
17119
46313
43770
12380
63794
57009
44856
42606
65325
62782
10914
54116
78460
10544
93509
27575
50581
44767
91106
23859
55492
69895
67443
19777
3433
53702
46882
84799
89764
78002
78561
41012
32695
32574
30123
22929
36617
49991
30905
58572
66589
11332
48326
68191
60963
27460
27313
23652
44201
34565
49254
96625
57699
37516
6837
28743
78563
23246
97162
23824
97149
36177
72719
14470
23224
43362
58324
61059
71495
89280
40848
21692
47300
26719
7564
13800
62881
85742
64712
77706
93251
52404
67024
2994
53354
28371
17198
23033
78383
67501
93175
4178
66874
53503
73505
95790
76636
67598
36531
85691
92960
41886
14845
22876
20407
58194
134
26914
86468
96462
97074
31968
77049
40919
85071
2632
8893
98203
4961
57849
15414
57189
32311
29585
20477
79602
10360
45793
98398
30372
69670
46807
43353
40461
26426
76603
31871
48875
60056
9975
78091
85098
56574
13875
21992
4688
15624
42435
14662
83491
14995
19154
84993
60395
20591
89330
50618
32818
61690
74645
83953
75784
90141
86783
97018
69864
79401
71898
3842
75089
32500
733
15685
1328
81123
75540
52739
89254
15796
79130
70951
6811
64118
36928
23343
33983
13294
66397
8619
22255
91670
68968
73123
11801
10510
54272
78535
63696
67976
62557
85962
53985
59576
70069
27038
68190
45821
81933
24079
68947
44417
56588
86974
55681
50299
54268
91258
44989
30075
90803
58350
3320
59775
49931
41052
5188
51717
58832
9452
65610
83296
56014
64342
10078
84019
64753
56598
93942
45749
54999
70296
25310
17393
42663
67352
23764
89064
69674
28263
29753
41780
27389
34935
34997
14165
83777
84382
58669
44615
11170
96199
93872
71033
23948
18147
10442
75121
65458
63217
57350
77609
20987
75243
84902
81365
83664
70984
5902
58696
99868
35279
47116
77896
97998
82560
51062
34114
51761
73701
28901
39885
1310
53064
25105
16003
55537
96582
38272
63193
36206
89501
68123
11984
41916
88936
14492
65158
63623
56601
24911
62731
17529
4809
59392
33002
61527
39986
36261
11921
65229
29001
22342
46185
48297
49239
58856
43802
25977
43419
93517
21513
7796
67211
79559
91699
97086
48098
22275
59992
10096
40630
53420
33197
88887
37268
52868
63348
65759
31202
46997
71583
62643
39633
53997
99208
62137
25419
92641
67962
77109
22347
96530
38374
52182
48176
78751
89577
48968
52202
96717
20172
72512
71964
45021
32483
44209
38875
3329
83417
59407
55126
74291
27738
80884
63580
54893
85831
16405
85398
5451
55769
72026
82856
30094
65069
95117
61420
18927
40178
34500
82331
59357
39903
86214
50256
57924
97974
40619
81808
28153
66066
9632
64258
38180
48911
653
29503
22126
1334
35831
36205
41136
13491
20267
21318
59547
18230
91396
97370
17456
80185
31108
96709
80811
57215
76053
54289
54741
36312
99769
62343
10813
44319
54519
42833
2268
31952
82601
98358
95746
50720
63984
73181
68960
29020
74652
41602
48089
3447
21143
98049
32351
85454
55881
10345
4361
32296
9461
96613
73275
35557
6345
8171
83921
81035
84791
570
82168
64943
9399
89692
29003
78399
44908
12813
94217
78587
70294
85359
45175
36301
50820
33504
47797
12550
34865
20876
38307
37170
57982
98770
41679
87208
34616
40592
33122
45801
73034
20804
47390
49296
51435
24162
36094
91977
13301
83182
80390
37359
12691
4098
39015
58907
1349
10244
79514
33633
97958
80968
47403
56656
87481
25106
72481
67467
67942
8515
31142
68617
6970
98064
70971
43976
68497
2010
47529
40501
60880
64836
55407
56575
39219
37296
40928
40129
64140
77289
33700
34613
48726
80169
33080
35146
4094
4256
2183
15743
9397
9006
88296
58747
59123
2002
53728
27818
39448
29086
12488
15092
7966
21371
97286
94635
58808
86602
61402
42643
43164
64430
28239
37341
40445
96554
18860
68471
83121
74802
36209
71051
19471
81290
29939
94644
33188
59798
64955
6959
7636
52724
86603
18810
82554
8543
16734
87943
84281
26686
22062
68256
36291
46981
72477
51251
83133
14813
4162
22282
73253
74819
83445
81255
26299
64042
41015
92311
21787
95132
92262
15246
30641
36713
69966
63626
3043
34784
286
30275
86568
28284
65772
19208
38648
84580
57134
99682
67275
70375
38007
9284
57898
74532
28313
14193
81501
12378
52816
48989
33611
30920
50455
26172
64121
61876
4334
43754
88459
17089
56472
86230
45074
40891
57629
67019
83281
34319
29374
3484
86108
86981
65677
10043
32303
66940
34463
72041
41484
53321
46603
26852
89068
39806
45482
97664
66564
38418
40648
67522
82684
34822
81258
12656
73359
34496
51275
29604
92074
23009
47178
90593
1950
34241
20823
16681
41005
41961
41896
6182
48881
41117
4060
38496
74492
37788
82340
24991
71951
40767
77480
8515
81300
32001
74019
32859
3673
80401
67323
87938
61296
69327
90158
73687
91194
4957
98935
46315
22775
54634
51201
41010
43186
18713
62748
66492
59018
59572
17496
82389
20516
73840
82187
80635
79999
44511
11280
57145
37318
76267
75652
79763
21042
50250
24510
73183
62235
29830
33713
53369
64220
46406
31448
62821
71469
3503
67557
77675
48302
23083
51742
39516
25875
23471
40726
49866
80737
26169
79485
11824
40717
43682
37854
10652
90174
40935
90546
85276
94762
64913
57725
69745
42516
61644
19938
73749
95988
58809
49106
32725
53115
20216
94349
41114
35838
5085
49818
66822
92349
12344
39078
76746
4608
24092
83247
11336
33419
11125
93304
63352
65443
39223
13754
34458
60097
98276
11680
6166
56468
38247
40708
1276
54690
28545
34720
46912
43779
30249
5282
38278
76682
4514
11013
431
44888
92341
55741
12777
88138
1541
75772
11435
8920
48391
61604
24991
70318
9588
73895
28785
99510
53808
15376
58504
45728
82598
22896
43225
43493
18766
46137
87398
45101
99663
75205
18779
70356
48526
20209
18003
73809
59569
60154
73997
77414
48689
32560
43392
494
68127
37839
67545
38797
4416
83331
87727
63731
77958
67747
9678
96102
5081
94454
68353
30224
39564
17160
1407
68595
73712
48613
14061
60172
34574
15073
67787
82978
7648
74813
3997
23861
7937
22595
11531
4318
53616
28902
66716
21504
15019
21196
62371
49752
45134
67581
29809
55983
90336
14573
96922
78532
85746
65427
2698
1657
63248
48582
41712
60816
71352
20187
7705
55060
53960
43145
92435
71724
83307
22519
78951
88745
30513
31651
79379
19705
2801
16571
94251
31819
28615
78690
66499
46937
62644
50910
27161
63749
89670
33116
56129
51002
50640
14012
88854
47012
71040
92825
20340
91209
33822
85904
16680
17875
20384
85537
37380
61103
77631
58857
48362
67126
30134
72619
68533
21827
12231
13570
49035
85049
35330
30023
62591
66488
11825
9842
76812
93433
52614
66379
18999
99737
94136
75248
50834
27769
79903
60317
13116
44032
76025
3767
97134
67446
26581
49615
45595
28210
59804
1685
10108
88446
97132
13046
71437
90610
43864
93057
94276
19660
59916
43226
12364
70051
1022
52406
45291
91732
23174
70602
77498
55529
41274
90522
27239
1738
3252
70565
89157
95645
89198
29289
49071
2087
63076
99746
63792
94910
2746
2028
14010
33890
27783
33886
85618
14987
99034
587
35933
53691
78186
83959
4956
33633
27906
57507
60842
12648
73518
4627
14048
41528
25785
48177
53417
18260
15222
51055
14694
63225
67947
47387
59780
85737
34591
24231
97997
29945
76457
46261
21864
77512
69103
66881
21500
80421
25027
57922
64266
46632
63655
73451
65355
13627
36264
9590
20297
43830
21935
91338
69212
90462
56016
97310
92267
52002
72981
32842
72525
30192
59588
20297
7310
70325
25123
20139
76317
47615
68623
5036
32154
78841
51079
3071
27150
51479
94229
50397
16581
62946
65905
68997
46165
12414
34630
89145
74670
5632
25541
32823
6102
71863
30795
37900
9138
82835
37126
67202
6982
51056
29473
99151
17470
68275
9105
11103
79322
50855
38972
43246
35754
60558
21965
90515
85052
94277
85529
24183
31326
50664
75876
14804
32588
78804
10098
82518
8850
81520
36544
28482
69010
64646
54576
65312
42320
50427
6598
22443
61733
3095
74174
67526
70371
18753
31842
42025
83234
53975
31097
15824
2297
31320
25961
83163
17010
99229
17936
74774
72284
77002
680
18683
90169
35946
86145
7128
52352
92627
78921
98847
39983
63018
13565
18589
47034
48591
55948
4031
39009
31109
54577
21932
58602
9292
8862
19246
54574
39065
51638
41675
83077
23694
73013
25495
62580
47607
63246
71553
22267
78417
38053
79946
27325
61025
36491
79869
79210
84013
5666
23188
53741
95881
10834
12587
22261
72390
15433
43510
45226
21863
52619
62536
2463
57418
80110
73766
59440
30576
81265
2541
34020
27227
72247
68165
84729
90091
89235
73846
89216
71823
51200
21044
80834
31403
38764
26646
16055
62223
81893
68736
6821
76067
36472
3700
67454
46257
93828
61398
62935
23728
5922
81682
13748
21420
35147
41139
26973
26225
97341
27712
94315
42394
84135
64944
27152
54427
9110
70968
90500
17995
64502
26593
84327
60256
45873
26089
59879
160
66184
6243
54610
62101
14312
57156
63920
62837
14813
1134
27636
37104
84938
708
21665
50101
37807
56863
71503
69209
99549
4825
78068
87137
24218
81869
55134
21808
86226
68064
16132
74437
14380
36232
21647
28115
8800
98008
85248
48488
79385
31194
65181
33427
69999
39611
56038
85830
66427
14850
82502
7583
37879
29759
64342
39971
74634
8351
2565
16605
48411
90341
38094
83998
84606
41588
68151
41303
27907
21320
52673
39519
85188
69062
93539
63971
711
26476
29418
43870
66027
89423
2493
53905
60299
94885
53306
10340
3568
17575
26916
6524
16898
81209
17724
92342
79916
18603
82065
21359
40405
45580
48361
41628
48827
78790
19727
65710
13873
66869
10569
34523
18024
87742
3814
97454
42478
55075
64285
21282
4795
61106
38627
45817
71963