6306059
426759
6135766
1542891
4795327
9124143
77844
1256261
7850311
3755157
7357041
176434
1262874
3518576
357813
9294050
8558134
778920
4228527
3243048
2478101
6787396
6682245
342908
9135705
3129856
7429611
3007606
9371352
6806572
5620016
2385423
5489576
7586940
9622933
9863722
7440205
395989
1858859
7988568
3113930
5303522
3657013
3470972
3124177
3820828
8242077
5774386
940862
1017211
154345
240507
6497728
4838217
8969778
3360783
2616463
343289
9550670
2834970
1607720
247847
8406993
1509148
9188116
4205422
7076616
451026
6132572
4742017
4370301
6505891
7545388
4609583
9274552
5703289
3166326
5638440
6192309
4262969
4599335
1819329
520019
2664493
5909779
2907683
3955507
3355257
7161055
9967248
2634890
5235765
3556501
7759591
9104250
5563358
2427761
422725
2494952
9501238
2023338
6461131
6798722
7706570
6988485
754816
10038
5975014
6799936
7862158
9860196
3128956
7267362
9216392
2936901
5265908
2482004
5945941
4292480
3914601
3613553
6930850
1879542
9187432
5562579
7287309
6374507
7043362
1012414
2044801
5542108
9746083
4181612
3373005
7979808
533415
9263191
4189665
1520737
6079998
4908066
7791098
7314874
8073933
5061444
7022948
3019347
179635
1979166
2027703
6760426
558085
3439116
8242051
2002662
1997975
1199327
6353410
4919519
7355293
7297066
4854657
9007486
3983436
674195
1125946
8874178
5506093
2700011
7211084
2339513
7171492
2913833
85913
6713395
5119157
6968536
3498395
2080113
3210501
4449923
1895773
542287
3074526
6628890
4730956
400408
9690234
2079046
559438
3113803
811346
5905298
7966972
1478358
9561261
5363094
683430
9653548
24052
6113537
6306352
9711925
9950981
665158
749628
312907
3525887
4582841
7579738
9210138
452639
2451520
7640421
1924990
3171484
6291031
4267596
7741625
8814871
1971281
8506113
9539486
9696388
6062948
8278211
3567561
9631154
8645719
616181
8813071
8037709
6709594
5738344
1792979
1493892
7365095
5392965
5429625
8439701
4955906
3637501
8328251
1789172
5387610
8744422
9071430
2377734
753873
8567615
3467669
2920462
4622113
7713888
3875030
5206381
9049524
4874263
9556348
9479109
4024821
5919159
8674633
72817
3895382
2537354
8764786
9185987
2947183
4610900
7268289
3826901
4279758
9258296
4343010
6597317
4534174
72815
328739
9410586
4663337
1320828
5200392
50511
1335438
1104524
3658054
2087574
5547260
889774
4650240
6812733
5880173
8355406
4216259
931375
5670029
5763962
692108
8777480
8517391
1453457
5381171
2766420
1522250
7838038
1092079
3454822
6052488
3335679
7783379
9728168
124840
5324953
1366895
2414982
3203935
5781782
7549846
3482081
1710729
8224085
2003314
5801102
3142088
9263595
5031829
6539820
1317851
3638764
3625189
5832195
8932830
2203042
1190920
2660003
3228185
5703037
9681692
4824926
6902282
1866617
1353499
5989817
1506741
4567474
9701978
6861402
6625279
4995144
6026586
536428
469600
4408765
5146950
4182886
9892607
5638447
7135105
2978197
9140226
9873796
2160508
8922398
9349285
1196868
9775239
5454486
3381644
9988599
2331241
6127686
6238008
2416712
1094580
4945695
4068637
5245265
4696817
3133402
6422839
3689288
2871696
2120801
8641677
9843551
3579932
6716477
6579301
1909847
1138286
9907473
8605045
894860
5415010
6519358
8935011
6694299
6831130
8625705
2835579
1452195
4921250
4547246
9205323
8065113
2303994
1287207
1702164
3144156
5081663
4278368
8421689
2886848
403039
7728051
7903367
1976255
5031757
440632
9761071
5448918
1089263
2780488
8411746
5603214
2642230
3901540
3212818
3664857
8619373
3643782
9277319
1008624
9678032
5843400
8200775
1272715
8703461
4338923
8614588
1786325
710982
9070116
2713976
170865
760663
5645858
7209752
9197494
3304313
5960624
7022848
1598220
2947602
121655
63654
7386434
7898200
5035053
854690
4262689
1683450
644900
3304202
461557
4247953
9039692
7513372
6146064
6202943
1769502
2328878
8251559
7809943
8493796
1112938
4594789
9474100
6371771
1450546
2050711
4164366
1603546
1321080
2076118
9375486
7547706
300376
9427572
8369902
1055715
3732019
6723892
3642725
1581762
8644420
990678
5888264
7855184
9098939
3988676
5650786
5986894
3228093
8170637
8302809
8027364
1228848
8383642
4719826
1885681
6285335
9836883
1000705
4186363
1368122
1340411
7865274
8333379
5839430
1638848
8045048
187932
526685
1576104
1928222
662823
9454468
6227611
9985788
9616527
5318629
5526998
6301167
3604547
9518854
4885637
9120059
4116080
8652564
9686161
6668522
326773
3130551
8776390
2489851
9422015
8057148
1299201
4298923
5011545
3650044
1802054
4839228
5244642
5084403
4778703
3555475
2529451
4456387
811692
5132028
8699230
4208408
9819973
8568563
5193721
9906256
2807081
187657
3353336
131654
8889515
7603692
1909085
490347
3971412
7299363
5545161
9315494
6939608
9046717
8755268
5171217
3652491
2154695
4340694
2511928
8942021
7609977
1629353
8904906
4423567
4218831
4877028
8457627
1015790
643856
96093
2171682
4783200
4821016
7782126
4544865
34836
1983991
6566696
5968498
7268705
4506148
5750282
3520688
3273667
3937986
7695322
8574844
34893
4051272
518236
2890446
2304997
1530968
1586044
8393357
5397612
5278092
85538
493280
1906949
6394682
3272515
2947257
9551886
251721
9186060
8343586
7659960
625901
5478749
5519003
1226531
9869460
5345764
6003498
4494012
3430088
5672228
7500617
7788374
9226017
2296273
6903415
6210317
8655298
526404
5968946
2630804
4221039
861442
1085591
6380820
6594863
189036
7536357
2666056
5419684
313315
5193195
715594
6662041
3423517
5065139
9685852
5444442
2264005
2866789
9190852
7174190
6008526
9202399
6441457
4957162
8056347
4463106
1910919
1282103
3349151
3197044
6528598
9715708
3821422
1209331
7982128
3430631
8514096
3220414
720090
525205
4652442
435922
5393942
9035391
9863466
8811034
1974628
8148272
232307
3631290
7298187
6673876
589349
8108739
4475543
119125
847309
9785579
2546115
3497871
1733727
4861218
1671112
2952346
6662436
2805005
1363972
5652770
1120446
2845223
7646688
2562278
844498
2183576
8800837
2798832
8711739
6351828
2448864
9623255
9222029
6923424
5277217
2143876
5034006
6036939
9868726
1659722
4985378
8421359
5861207
7100770
2000978
6974151
1679418
1837568
9915367
1450307
779305
1043806
1827083
7990993
2204783
4270346
3076123
9847223
6463097
6611250
463048
6966695
5113944
5883654
2581664
946469
8863261
7448241
6949298
8989829
188526
8770855
9561006
6239259
16698
7778989
6436422
3796568
9423226
9710762
2750719
8279657
5077188
305576
1996404
8887751
1164180
9867329
6514060
8672700
3078587
6893382
8322590
1777114
537071
6466013
8732697
2980713
5238948
555971
6766956
5761185
556028
8635364
2887432
882121
931413
7244315
1857464
2878306
8389456
34587
7669468
4247657
6187818
6159104
412607
2848632
7595135
2013388
6560876
6900232
7444436
3525376
83867
6276781
2215882
545057
9974337
8819635
7670399
9578638
5381341
9070783
4588681
4972
1577733
6761243
7177131
3326260
2766142
8752203
2746741
5050219
787645
5167313
7037840
4816352
801331
5329752
4071360
960565
1250833
243675
6845131
1273312
2628031
9830857
7355657
1327542
3581899
696244
6119270
8106690
4570889
7305673
2846708
7431491
4659173
3092803
3125671
7367608
3705268
5917338
1792043
8037912
197831
6619186
1925108
7494020
5649131
3037924
1864979
9148352
1844736
6664335
3777691
1202824
6696414
1327940
142208
4838504
2919967
6375821
9012200
6858784
7074652
235599
3459140
5374815
9109291
3389247
8987438
170733
9930709
1032324
6649313
6481509
8902023
1012298
2500053
8640926
7016449
2761439
7651810
2791268
3186276
5560524
6295431
858277
6040761
2475151
2299264
7091091
5669184
7578242
6661312
4694571
2713508
4505185
7635740
5959826
7136283
667913
9620199
5641395
874215
7073055
6044219
8551914
1930624
965660
3970625
833205
1343606
4381416
4847808
7870780
8999619
6712518
3947357
4157201
8058430
8470000
503563
6845483
672740
8254315
9521980
1573151
9292090
276533
9728904
3564303
2841864
5200579
5711314
1322038
3927463
5554609
3525592
6760870
2394224
5074711
7632342
5564941
8901904
4878268
2876946
3058589
4071448
2777104
401541
3924673
9751132
458444
159288
2812044
7384154
9524948
6040243
3653816
6784967
3377566
8518223
2496779
1294057
8217476
9895397
5228357
5531718
206297
830649
1530269
4182471
3019579
2065909
3557482
2277816
384350
3853624
2258073
9658463
1554030
4733142
887598
9241622
5616171
808495
3556709
8852992
9235999
2126928
4159003
3464586
147947
1316616
1998584
1554936
1515419
5244986
7907169
7275375
6417861
8311485
4737783
617012
6068319
780137
3246572
9331574
4835730
4227249
6160434
3045596
8287130
6993542
2713102
3268392
492235
861185
3894447
178427
1640814
6058228
5986071
8887566
512411
8903898
4576956
8992964
3338115
619257
3589862
3481804
5251654
19706
8488826
8184132
8789310
4166343
6367887
477663
1598011
3151221
9043185
1724638
6363364
5902291
1735055
390029
8052986
132604
5075398
7840244
4985722
3529325
5047414
7066557
5999558
1755431
7550854
8281237
580238
7022573
5583330
1921247
8291457
9743184
6360160
3331776
1590028
8851408
5907453
4748464
9404743
6104176
8435188
3431062
5354495
1008766
9868749
6698896
9805433
9643996
4987883
6190704
3335575
959801
7416035
8499435
8770803
2960026
1176343
4243532
3850102
8484176
7566669
1856036
4720087
8459712
7876977
8091728
3927104
3087563
1551164
1103404
4310916
4195888
3119400
2160290
6742439
4454878
545214
7874422
669890
3556233
2106409
3199209
4767552
3450065
3768924
9814629
4671133
2014086
2102923
4478418
8958444
7835223
951296
2083753
9422873
8333013
4217404
5129274
3695243
8232712
2418517
9464901
3432932
5047324
7793156
1396165
4332597
119094
3770591
9634200
6753523
7896697
8251226
2673388
4622048
3385991
4882080
6417440
7965544
910012
954586
6638293
5447108
8984196
3586354
4596733
327280
5364653
8490894
2171768
848743
755607
7999344
4199456
6438518
8611034
9060662
6028295
9353085
5996072
1643962
445125
34182
359614
1692536
2070677
4201725
683850
8696217
6968939
7709328
8678038
756148
2687472
1840203
6353871
863057
2283850
1250194
7417133
5246591
7620245
2274734
7888315
3617534
3983947
7356962
5689201
653344
3301346
1007492
9289760
8571431
5597994
8661523
2548104
3567938
512888
3903893
5516212
7914790
4900360
7552631
9306452
2371347
446669
8548930
3957737
8991640
161218
7689886
3613317
3035338
6903963
9120754
628777
1071836
6974520
2887644
8763552
4722857
5745965
5138360
2720080
5284991
554460
604750
4138896
2922729
3375686
9328080
7969482
3238126
1418426
3354229
2733322
4084026
2823173
2792016
9288090
296885
1813429
900022
8878942
5530491
2944112
5433940
3149779
1314068
3042928
2959744
134674
7021275
571218
9964345
5418832
9692849
8971296
744680
2278194
8986491
8864290
4803336
3275252
6140469
3215661
7673316
8908331
3392338
561972
6892172
2983267
8929454
9641619
1483307
1836279
2438747
2419844
2594955
8705996
4583086
970789
5854470
4221548
2528376
2986823
8953728
28097
3578814
6085499
733821
7689738
2162953
2448136
1686367
4478103
4931418
4984968
6557446
8910615
5311892
5813288
8162593
499987
1468211
7064707
2829813
7718097
6751351
6924644
6893863
9171075
1987673
2674008
1495177
2657593
1005302
1949441
1205301
3118965
8177034
4105248
3993578
6252256
5696635
2912162
4878116
2061057
9302950
7277281
2848381
4370682
9760311
305543
4884574
5424451
6979666
773590
590576
5092201
5297076
5895864
2776318
2509313
8922382
558277
7340400
6946864
9999494
6851616
4202871
5908
2693739
8701542
1537943
4899809
6140065
8090727
1162979
272818
1589393
4273937
6546243
6974419
7938032
1715748
8007774
4293259
332288
4450883
7793819
8099593
5348260
4931556
2774543
1863137
8374472
7283528
5710798
7734336
6358424
4251176
973856
3622595
1786776
8548712
5877597
5946704
8316865
1165123
3386851
7403610
8472463
402850
8574833
5135812
1394350
6673720
6881149
2895135
3546871
2934993
2285938
5573045
7846788
4903189
9282327
3072475
7766785
3877105
7482827
9019725
6579137
8289057
3607715
6852154
2605608
467928
1538613
4148370
3490664
4226060
5588230
3015174
948294
5838315
200404
6250044
3703706
1168125
6207177
1018261
1942721
5237317
7969847
9333910
4595239
1510241
9929117
4147255
9922261
6981013
1693844
8635173
868847
7949413
6880478
8403908
6641105
8349471
6862455
70336
5302209
320670
4551694
8328461
9337703
1929994
7783594
4863015
9019450
3283248
6577501
4174170
6115927
835241
8632861
9234627
566596
1804913
6631675
2199046
678862
8364405
3234278
2066243
2060836
4960291
3644173
4821201
4457740
7369029
2343297
4273248
9606534
8866274
498772
2213607
9306732
987233
6044771
6836882
2018849
6265324
6042190
989579
8411242
1061436
2208218
7223631
5894024
5596066
4490072
4401401
6183748
8688921
8924345
5044929
9481347
8152798
3189928
6336137
947789
7285242
268812
5642911
8973848
8050202
8893111
402286
6565161
7586967
4074829
1989176
2679888
805028
5734942
9383702
3336883
4807405
9717666
8813146
4522198
4577532
327499
5765943
4759689
6861434
5619734
1959934
8117101
3533253
627327
6062125
2258071
1128892
9097487
5170609
2061598
7580760
8562752
5840622
5866764
5841426
1996936
9219511
1669521
8599743
3804403
6930
8217456
9025033
5418723
6424464
1211140
1191165
4022514
7874552
8788871
9883321
8531363
4521224
7910811
9553051
1647518
4161507
4101341
9397106
2903928
89241
8196502
4668350
4784852
2249092
8561552
5992408
1365519
42553
217621
723012
8739173
9245398
9464423
6334903
3221094
4699068
4730749
4552513
498148
9799387
7178605
2788107
132521
1717386
2304834
5154914
914044
4621708
2355625
8146814
4059470
9430498
1084792
7991000
2604444
2033829
5435274
1554994
5118655
2615138
368249
4387658
8204307
5740852
2081089
9559599
7899679
8088364
2988365
9875277
6736006
5337221
7285171
7501745
7091908
5810688
1646585
978395
1219985
1625062
8730269
2163202
3063881
7800209
5613255
9114328
4485068
3000614
8231842
6931825
1416733
8076537
3375440
5828213
1216510
7746275
8038658
5150352
4568805
4977037
9487577
9556584
6626871
3312862
5927046
9638133
4941962
6582987
7740462
1894633
5580145
5364705
6640571
1252027
4616749
7387431
7285510
8669321
8228905
7440840
9520003
6016020
4924273
1474936
4391787
1849238
5330169
6666793
8129429
904218
8932342
158379
5842746
7695223
2083230
6960578
8803747
5465237
995845
446870
823727
4171066
7036793
305677
7274675
339100
9430791
3502168
9177639
4539705
6339646
4395163
5338814
2351554
6267044
4130404
3006194
7791197
7219339
1432519
8979262
9726161
2040377
9493264
6544591
4536552
7092154
9738584
9150928
2435885
1109982
1738631
3290142
104093
1733935
5392603
8619682
1424430
2132795
3472159
1405193
9233977
9466391
5509308
9171099
2609361
7634399
3542694
3010589
1685687
4023203
3472031
2446823
4337334
5998111
3606940
9505033
6550479
9270057
7546708
8717461
2071441
1243445
5565993
5385221
9346145
6924567
5719436
6579605
6936141
5430095
9602165
55213
5120915
1379480
7004571
1233925
8490206
9042868
5733864
3174720
3896168
920637
1797363
9986513
2178161
3350652
1166527
4106953
3438752
1125718
402299
8173184
44235
5607595
8542240
7691065
9386809
8571167
5999678
9589978
8775263
216405
3557051
3871515
5531992
5822828
1017269
5820950
2817253
5839382
4469513
5882490
3138699
4566568
9438386
3449073
5513843
5009073
2103048
6510424
1571875
6220524
4709523
399441
9864281
7637682
2956290
1312354
1881160
2674309
9439137
6256224
9947320
7528897
4605474
7543319
3228382
3211039
6408281
4813316
4469703
751119
5766017
3583018
7235665
8698693
1334918
5863010
8378563
6890563
3427605
6223488
9133501
9238670
2464582
2882910
3326885
5200142
3454695
6134919
8685239
2668105
1149170
3218923
2150439
1378960
9692976
3371454
6636321
9290925
1542006
8830337
4211031
7499488
2696986
4690326
433709
399825
1211054
7856045
2912987
2489703
1359097
9670812
1694936
8221697
7002297
3183725
2920623
9463951
1065987
8410688
1775388
2449517
1114826
5880068
7601814
4161485
1841701
5688061
4756125
5049486
3650679
9457079
8587817
8096572
1183620
6062698
7264777
4733901
6220482
6930328
2892821
1292752
2562462
3072006
3686992
5733694
2302954
5238559
9513072
4250891
3873664
4212544
8807615
7532665
4758822
6000702
2378160
2227854
6991944
755677
59461
2136621
3065321
8212626
2931128
4769272
2656767
9590006
9124098
1753403
6537503
4886836
9031749
2240132
1806438
8219233
4833305
7353028
8633515
4532037
5200024
3060549
2060463
9845253
1922869
4926871
4505918
5929787
823438
1238751
4180924
9771969
929809
9589018
7822891
7061621
314304
401504
3871273
3658297
8415066
7362553
4811217
3255960
9341798
7928300
601748
7205776
5793619
9506095
8442553
8640650
5669625
572281
4645
8079883
3886707
4063707
2499600
55394
1808607
3195429
197383
389778
8733521
9626289
5708879
6200995
171024
6254579
2760887
1668717
49633
2876917
7054347
2762225
7506837
4227265
9902267
6227003
8079635
8602967
4754187
5009135
1247085
8555323
7922674
1914866
3112028
7930871
4894585
2309986
6199874
1238149
2527823
1204461
1391255
1138455
2297168
276573
8266439
1412177
4999947
1351407
9462238
3175186
1730278
657689
9552034
793064
4717602
3642018
8735746
1975178
3075272
2092302
1182276
2260200
604144
3098365
6630978
5124552
6663430
9924677
9922448
5239684
6335751
925597
5453817
9819700
7804645
1022009
6244693
7936858
3826761
7433895
7744832
3914200
5155029
9922404
4104142
6681052
2167516
1297260
1174778
7110425
2168095
349167
1928628
9535096
994657
9051781
2698026
6308309
7181382
781333
8603682
2303766
8200448
1809433
5051624
8733286
9641920
8667482
9601722
799165
6051610
3813726
7179257
2642520
2913847
7777682
4221513
452749
7792643
2393045
2603218
25871
4875841
2146246
3308471
6920301
4042848
4865104
6679273
3560811
9463449
1665027
2197532
3944837
9400883
8559275
7221215
2578783
427515
2815303
6463174
4502815
5371895
749763
2035074
2606177
4225399
3887559
4728358
8757801
7665020
7790420
209107
2206440
9066603
7339061
9327008
3867674
7444946
1897573
5503477
7948203
6892631
7310783
6218516
8213041
1686741
7437442
5929758
7580905
3224172
639456
1367394
6494736
2934536
2185079
4414172
4052715
2706576
909596
6235506
4035625
1321530
1880304
8884807
7044316
7517120
6508337
2270448
1520768
8097632
4034042
8499830
5888226
1137565
2665456
8129369
9637562
8852414
2169981
7783160
6781694
5833299
7407121
1938231
8193217
2509415
738745
2131897
6580248
1362055
8613449
1802051
517768
5334223
9604211
8075460
4735655
2817521
1227194
1407599
9198613
9915133
7987729
6027742
693295
5992749
4296165
5586108
6785889
3198638
2552413
3192143
8264294
7270620
4220896
533094
8471931
9664227
4775169
9349367
771634
5558097
2092595
5807463
2860594
7526845
6348155
4768688
9367767
2919952
6167171
6734279
3358191
9605841
1048560
8309570
1619080
1960044
9981449
7180583
1152104
1048258
274606
1821030
4525993
1630204
4372563
3846355
1707730
1307406
5833113
5050025
2513232
7750526
5164209
5621841
2382159
6188623
4780511
1748371
1493184
7221318
9372316
7133229
9528097
4041502
2753557
8079881
5347161
9527286
9551783
1894766
8900207
77087
2371918
4014531
7944473
3854220
5448835
8983872
5760112
405932
6294304
9834463
2615405
7348611
8049136
5663388
4062851
3812056
574181
701085
6333524
5970180
930829
2497021
3132708
2949570
9130156
9287663
6223326
1008748
474830
4670581
5185938
74488
3496071
4763307
6186278
9783258
7922079
957031
4898580
7399437
2303449
2164430
8959137
9900954
684218
3456612
5523983
9772679
6782417
4085923
6155454
671500
9303997
431327
9889465
8541171
730476
8973251
7071284
8941768
5043692
6430870
2988510
6213936
1597107
9201001
6514984
8349881
5053137
8652584
7475241
8936222
3511628
6728200
1098852
6316063
8566303
995479
2804837
536943
7807367
9065195
9389563
8122540
5458467
2106590
9319837
4757738
8282433
3180036
9748715
5090451
7112051
1733485
6133485
4037207
5018393
2289315
4617057
5268698
9520218
2872347
3064330
9873587
6197519
8346101
2651779
7847831
6811293
546923
2991407
8196626
9202281
6469428
6682912
4811919
9429428
8883439
9832524
1854163
8783382
1419055
5339237
4529078
6475129
2713666
6609278
5731703
5990559
2909150
1744869
1958196
914966
6513094
7274960
4945218
9394318
9209045
8566049
5328553
5247353
1995612
5673591
9983483
9245883
4045196
4723999
7773696
6377117
7181517
5174575
4369209
8363393
2271138
7689974
1160816
5342226
5927232
8233886
9860267
7726425
9273648
4310255
5410835
3749092
937041
5806624
5924231
3240756
7763107
42865
9408036
8654432
750245
9786958
5457098
2469344
2878344
4097337
3596101
7160121
6876904
797308
2608043
3605536
1902693
3087151
853694
4484522
1818815
3749223
1051329
763009
593476
5999452
8379444
9907143
2284800
9465610
867660
6477407
6543606
8368995
6670958
8473543
837459
5108001
1252059
4939026
7516898
3435181
6949779
2859436
6048418
7706242
7422770
7982678
7986741
8916069
5536725
1055860
7617996
3019719
4945836
2230073
4076279
902828
456357
7584907
994843
9561456
110052
762116
8720394
6211053
6099187
5405768
462685
4493750
6126065
9555082
9314220
8324994
9984794
4043899
2075950
5638051
3440850
6282329
8605956
1930305
7547033
7184790
7585314
6011901
8097173
7711425
1994105
121480
2646113
5340909
7222285
2144875
3802091
6612793
5158518
6866282
2959019
6052600
2392891
8071508
8862930
9934282
5395491
4735298
2154761
2132630
1448190
4497226
5427888
3491058
9376661
9762653
5342405
29782
1009429
9325424
5063572
1707626
3402078
9593911
6320037
8359019
316940
3699051
4387266
5427417
879940
1250642
5017087
179073
107804
7213742
7952592
8843721
3482622
114242
3141168
7934375
2625626
6353486
3840399
8352778
3368173
5705363
6982944
7983337
3086040
4939489
1736890
611166
5167611
2743156
5957227
2304282
3043600
7201510
6443321
6828165
437029
2503409
9776494
3329609
5400991
3258266
2411003
5859756
7024529
9759588
5900690
6990925
1376129
3690407
8603591
1433198
6368774
9445476
6100414
7112767
3160720
6143512
4531978
5176892
654316
1949628
6078762
6769013
5896806
6055922
7624225
4155852
4340642
6766512
2483597
5673718
5399786
6774153
1164191
7240854
3410229
9233056
1581425
2768459
8642415
7191721
6090475
3837132
8722028
5242113
2819792
3588804
3445508
6660949
3334221
3877073
9785833
4635566
281812
362431
7952170
3153456
6217922
9093244
5129862
1592174
1271675
7243130
6340158
3150863
7688545
7811658
7914756
8333838
583016
7159719
5528508
9811712
7349703
8343304
2965455
3865484
4752992
4909306
1840264
5483673
1905737
9181213
1399198
8404264
9238027
7643404
5582436
1863860
591789
9314849
3264192
8334213
4594970
6322105
2871199
9931165
9903042
7907021
1639601
2550902
6099390
792566
7262875
4852332
9161982
1187873
2977034
1959018
3121864
1334167
1108656
413077
9461972
3441152
5984
4043704
2238359
7061064
4185059
9045899
1550144
501588
2317911
7325152
1364330
4900887
1325913
6297517
9585544
4050290
4805306
1703743
2616508
5651750
2337851
4349683
7177204
5160666
2046757
5649470
4511048
6303164
6013674
4831366
4369690
6099059
8475439
5132008
5104126
5105905
8620792
2921530
1759106
4195125
6671475
514551
7180576
7626427
9704422
5258530
8826775
4263588
8098607
5265178
2047586
625379
1500483
1800469
2815825
6542067
2801941
1053152
1659762
2151495
4001981
6524263
3464587
8685523
1459408
5683342
501885
7912639
1923920
3663786
7995611
7545899
1596447
7766703
8996925
9752154
8161890
2414049
977399
4306835
2068598
6235594
9006518
2621495
9804455
9835479
33973
7327881
2281879
1163354
933685
9703654
9035621
8854556
3583134
6700185
1510098
3034681
3881907
6790322
8048675
671855
141474
8267269
4696915
7560705
7265899
2393180
7860633
4474443
3888161
8219382
3424179
2709328
1263614
2049938
3300654
8786459
3665274
6293964
6717903
9901077
2322115
8281354
7097709
2152863
5338527
3909869
4778029
4086137
329349
6924702
2701115
64603
9189756
4076725
8520600
5587861
5068123
1796780
9230177
2708963
4211143
1918941
3905459
3674773
689692
511613
9103433
90509
6566766
5434170
4969682
7499219
6409490
2724232
1948030
3222825
8350984
8036058
5617041
1462367
1005608
1872230
3576949
5429450
1269697
17106
5518620
2793362
5480486
1320248
3911934
8314132
6552744
7991009
8138521
8857101
4148772
7664851
3965795
5238239
9513771
3979262
7073583
1117368
865340
6393404
5803282
2709911
5533690
2021910
6580991
5997529
5878610
574555
4863659
1644742
8705682
8629457
7856261
7988580
9650492
3755695
6450398
3394227
8755963
9094581
5866323
6147947
1490626
73704
4488016
540478
1449684
2716034
1148581
2300710
2817723
920442
3552279
622313
7007066
7709881
8540726
5264843
4022053
6155135
4185886
6653214
3426152
8842271
3030896
7803846
3296515
4278292
4298702
6640727
5510504
3065852
8725574
8231921
4083310
3120437
201566
3533784
6616646
3381762
804282
4596573
8684962
3254530
1622625
3550104
144427
4206969
4877626
2067650
4550754
8168076
1142523
9068955
6234752
4000567
296880
668088
8967517
8798921
1845576
3561099
7655224
3479604
1609767
6941432
8238601
1417111
4023564
8851239
9220739
8076418
5918885
6969111
6964451
8157717
4591307
1380058
7108284
3158358
2083672
6970053
5043190
393225
6121618
6984131
8927253
899078
2957216
3442885
165705
828934
2381553
2752027
4310620
3026143
8358120
5781115
7153378
5825620
838454
3004550
3327652
3182964
3389891
774314
700486
627264
4548756
5717206
6971810
1871014
8029123
4061653
3308084
8139885
9805881
2386760
2251963
2346663
4824513
6763268
7251564
562430
7312487
9471158
2044125
591884
6206935
8389733
9911254
8067446
1410382
7095728
1781581
2794954
6917778
5651818
5690654
8518632
1618953
8657145
4579145
2244020
6150682
1652396
8715504
6059520
2603709
65449
6123375
9274034
9898008
2509582
8004881
2919894
9846353
347578
1105279
466754
7492913
5924696
9444888
8202787
9528497
6744449
8197418
2774788
181192
7838596
872843
7168482
3294083
3422987
5082831
2219298
1111037
8156418
2410233
3427584
7930348
1253397
1716135
1853554
8536927
1957990
1824242
4832065
9256547
4462649
1850306
4871636
4969647
1175256
9861669
2005501
2167718
9112996
5963046
8959543
5941414
9615352
8302659
234008
3383853
1962230
6902846
1127143
2013416
7498573
9132283
9168598
2417501
5897529
3407508
5488870
2504521
710193
5315872
8423700
5593723
3881436
3029706
7306558
6454788
8106525
4871383
71780
1586242
997881
6126345
8819142
9874884
8076078
5820817
6715309
5430816
5478712
3357435
5170884
7412939
5068220
3565677
4965782
3797161
3318749
9337448
9465155
7860507
5595888
7355835
6109278
2877988
459770
7481820
7194871
6444512
4621669
7611464
1128645
9589022
1480711
2916881
419007
5154437
2302
9673381
9468722
915788
9046213
1560471
8766033
6725425
2412493
1732780
4043665
7497637
4642050
6284043
6349041
3735457
6600769
7258254
2189879
9645742
1148888
5287221
7918574
8097537
2060466
4761421
4080410
3863528
6030934
4398054
8120331
4351351
8235727
5038849
5183605
8524898
1924774
1436704
2068786
6872818
5652077
4207542
2693251
8953976
5055264
1652951
2596742
8724022
4021776
796453
489700
8099457
644750
5998963
3472724
4348111
5721884
8601823
7524438
2995054
4652804
3662456
9989235
5969100
5234837
6970956
4499957
8723155
8423708
7266666
1931003
1273152
6459841
9859982
5065468
5663234
440980
3964344
6497237
5417795
9269883
1060057
5934873
219581
1340180
6832774
7458381
4367421
4771159
760063
5333143
8209915
2301330
3266258
6840018
8937831
6302537
5467784
4027510
5630549
8025059
8181148
3494306
8482535
5462902
7402736
1207569
595761
1068619
273060
805401
2090766
7063929
5766741
558896
957866
9561462
1997755
5718514
1647743
3949687
8600210
3779501
5081147
7672335
5894984
8921240
6133931
1724229
9778728
317151
9888235
9117253
6021794
4374457
3159877
4389223
8256376
2722456
9748755
6850202
1961473
6200351
7892884
7222111
4689969
2323485
7197121
653983
4789566
2138190
4128458
6598585
9579518
1505909
8990153
8014707
9511286
7561701
1403753
8792682
8348736
8261957
153625
6285711
674165
8731597
6400516
7806466
6629989
2353205
9551733
1048069
6767003
2445341
3460953
2374440
3430779
4431538
6767196
1135922
1845452
9449682
5767063
694277
3440000
2703457
5653405
8723336
9300084
8368984
8122886
6205603
5653590
2630013
5599413
3280467
5403043
1072853
8563206
8656524
7064953
145825
6462972
1332
1426967
3246521
7099926
9825043
609522
6379996
4607570
3874204
5070728
4742861
520031
126333
4297616
9660047
6477176
7590343
5174532
6556786
3099671
1812065
8487451
6942928
6307772
1957662
8707082
5364051
9977659
5762326
7421223
2249321
8128923
135118
2610034
7127120
3396979
7533856
4488631
4883641
934893
95139
147189
9978452
449929
2866393
7968345
5639372
6285720
2921079
5196105
4185001
2343715
8688822
6935480
7822304
7251024
3184090
1366067
6223627
5673926
1432522
871007
2134175
4271771
6101075
9738462
6699833
9313875
429582
486337
8163898
275584
4291709
2752676
6450309
7159541
4746508
2631521
5298990
4773494
745918
3822695
7665470
9415241
3476431
2281715
9825937
6121215
7309
8906134
3831578
8114215
1078908
7943772
4769100
7633204
4470150
6371726
3308024
6663568
5061735
401730
735028
3384246
8083876
9567146
2116519
2924788
1834140
3938192
6160667
7586759
7765320
7639930
2869774
922725
5240178
2765075
5230586
5265841
5709059
3810232
1627526
6263487
2367001
8862911
8696140
8842550
3457365
5280771
8519153
8173814
7935121
5623553
9226163
2141339
8139895
9965246
4272130
7557439
2664329
6012307
1207279
5154346
9785115
9998022
2622634
5179584
1831964
6858091
3612091
8654937
1549135
3509404
9738724
8021464
3757037
9064230
682741
8224575
5819707
791588
6871959
1059987
9919423
6829924
1805266
3899312
4845730
4218274
2783124
1191978
4299905
9746673
8885251
379804
6987631
9969654
2078081
7786206
2143602
2969925
7854468
780553
7144203
2702860
6281601
3346085
8112480
2660374
5550032
6108759
4993457
2195782
4500345
4474963
8216350
5136208
587273
143660
8412805
1783842
588759
3196926
2580208
369087
2508541
7981048
8939027
8722635
7636066
9456982
9970934
9116227
7569902
4270900
642304
4978586
9548874
1696853
3962224
3090171
1175122
5051025
3575463
660030
4523147
3240944
762394
2918853
2262854
5671517
9174432
2698618
5408268
2601106
8011414
689526
5751835
4147609
8592220
3242416
4354557
8559672
3400997
1652427
3446459
7019473
489734
371512
8615447
5909718
4473274
6296222
9934247
9813467
7495039
9890536
1410400
3038830
5485085
4050916
1843625
8308974
9142794
9597827
6443103
3622575
866708
7745715
9132899
5808405
4555831
4783072
4419023
5808798
7361509
1264091
3479926
8830929
2580622
9567468
8683965
9069430
522352
6437802
2332593
8948999
3621581
127448
2714771
931649
4841490
7632909
8987816
1408904
5034139
8635394
226570
6944236
3767636
3707694
641508
5078653
2998270
9407424
9328524
9862862
2903451
4680667
9276797
2298966
141742
5641113
8320489
5358000
2057984
1968691
9194135
5479941
8255936
746059
6175142
8830488
683666
1105311
6325593
4190786
1560247
1114315
9536406
4756001
1599640
5518988
2405198
2221865
9848826
3650769
7366339
3934710
6513604
4907725
7267177
6284589
2387703
1018566
1478917
3366843
507492
287693
8008901
37104
6174727
8647896
8759781
5108447
1471601
4680943
5244702
3679150
7647033
3492833
8945904
2823671
4138455
6832407
9132823
2235397
6354948
717145
7733643
65007
8475245
9296197
5934825
1521865
2440076
5211349
2391636
325768
6174528
5078051
553281
9717013
793868
8510873
7294693
6886947
7472443
6924386
5202908
2396103
7692546
2078388
6545373
5965319
5677186
9652488
6132362
2577296
9838605
2117469
439352
3777177
3985404
8680107
24523
983458
8552378
7377611
8119670
6679667
7492167
7342892
8223021
9840381
5685301
1497046
3749064
7525781
7235479
3008512
8294571
9945345
3799417
1042486
7534270
6167827
3156157
5865518
815926
4016711
7820401
2625551
8825182
2081332
9509187
2747694
6189071
9581538
9403254
7421862
6155143
4020896
1739674
507957
6145141
8807956
9930282
756758
6706285
6320279
5629841
4498249
2942470
4149008
1571553
6866680
8327086
3325085
9156375
2736085
1959209
5113497
3190030
8375084
466957
3483244
7817849
7503127
9889976
3837595
2420638
5179983
2678259
2433578
5854110
1258142
4881722
2871814
6974720
7559636
1862540
8135700
4219406
555926
4636900
5969575
8715639
3192384
5640794
2230775
9486684
3923879
2380518
7150233
126352
5993115
8735535
4733949
6541313
7554235
5574475
8198618
2826971
4961725
525084
9804596
4243781
803
9541007
234308
6506059
8650919
3869228
2142075
2015773
2930575
6331303
6245883
9270822
2451009
1921839
2341572
7766791
3415324
6466587
4740064
4317698
5732413
7382781
7526482
1761241
1117918
8936206
5784121
4535014
5849253
7765798
7191232
3795600
6455611
9213540
6261636
3522500
8460666
6615046
5193717
4186385
1943212
9102893
8818032
2118941
3020655
5568310
2638278
4681153
7186234
8984854
1957586
9476675
2041056
6960671
6880977
2547245
3789841
7721367
5800475
4644584
9542531
803202
6700096
865274
7993077
2112912
9944777
9375767
1984107
3475202
3081345
46214
4005995
4180190
2881827
825525
9566352
2190738
6747998
8246354
8759432
4258979
7902244
9239765
4846398
6732700
9329395
6492977
4706123
5382054
4465191
2457262
7368165
4837781
5003830
4781943
9807865
651357
9727064
5715179
6592119
5599347
5229749
4064920
5403004
3166054
3195520
9491440
2899852
3527210
9476130
8900088
1897156
2451304
8668580
9559645
1940244
9275684
2918384
4615641
3093368
1568784
3982239
4856968
2602996
9074856
8358282
3790898
7900085
1384587
7425880
4483249
2285955
4520442
4357576
1165626
9004283
8417711
408188
3488886
9668237
5993593
2706303
1281532
3903555
4159005
5259493
1480372
2837534
5559152
2167462
1119960
6850838
9816186
8636202
2204908
5716669
4067887
4054054
4981340
6488271
9659951
9390512
3677643
4086769
4048740
3709188
2607547
7903730
1782301
8490673
7375682
5329808
145442
4173248
7836689
7664583
2382176
7465316
386808
2438668
7283704
760429
8331836
7963753
9285855
8788790
9293251
9381311
3779445
2908670
6415072
1083002
9970633
7758675
4062999
6167309
5218752
6360596
3733008
3159818
2359506
2409387
3702115
3001618
7619701
1172215
3086642
5989354
6533471
5072838
2409984
1212443
8842959
1733406
4310211
1589935
8639633
6428063
2960835
3796098
9936926
5768735
4941588
1541626
8686384
3211375
807886
217193
70775
6971892
1671611
9465278
6657313
4133141
3649313
9058643
2881244
6011819
6494681
9269079
920592
2229293
9986343
1587155
5103612
8782856
5628824
6645076
4763109
7933526
6954998
9801146
1859778
5891640
7444099
5417681
9822669
4179520
5648405
3015075
9314031
9012803
8130633
7541293
9336532
4050814
1346537
5292067
1726758
6643573
3588543
3270627
6208811
9421678
8621051
7379097
6349820
4890053
6031693
9028853
4847639
9939593
6738186
7775930
6026407
8446944
1816117
7430242
9165958
4661782
410388
5720883
4609709
9089834
1077419
1537741
3052963
5116512
1864540
4462570
5795689
8586262
7814596
4062919
6288530
8186860
1020739
9150370
557200
1555470
5912360
2342149
2197826
5340208
7245583
775339
9928234
4580009
4999027
9013040
2151903
2311290
6370142
8650288
2006754
7090691
6519314
281718
4713124
46477
7294884
8568316
1330231
350235
4542463
7173652
5342891
9914044
9911410
4122089
4044068
7629525
3991650
4180158
564195
4016345
307362
2720728
3356007
4100513
7972756
15002
8489973
6813731
7164094
6472681
5687727
4003659
3495607
9447221
4100573
3176561
6062943
2236525
8360348
4553992
8390526
602017
6275904
8319798
8255298
9696120
3593347
8358467
7960530
8535661
5765164
2331520
7796620
6821669
107359
3912215
3846026
5208371
8073914
3267716
6491845
5577306
9456488
5235720
1784507
4914997
9829337
5632884
4476538
9109312
8764817
9725026
8975263
7182276
6216604
582830
6401770
9265597
6612400
1900583
3128131
4994025
496316
1403122
7225088
9370995
280234
9030769
7481555
4264628
780570
4921609
1256762
1108756
6332700
5760376
6247203
7192432
2638118
150766
6184456
7055037
9132705
5008114
9928168
9382147
6291075
4495298
5382816
678525
491540
3931644
4130060
5219352
6681495
5123670
7556402
9753001
1606887
9081445
4026503
3814648
2690408
4773366
7937605
5048950
2650317
2960509
8244881
9026556
8007395
4634843
1665607
9195751
3694230
4304991
3250445
224206
8467912
4240166
6284263
3757045
8646593
9560360
3403320
6137219
1451548
2303083
8934753
7800737
3618918
4210082
4195812
4614300
6109137
3951692
6590784
8832984
9319822
6850198
8012522
2510712
8281977
1884925
8990351
6794301
6461260
2653206
237656
7244850
719954
2315535
9578010
7668773
310709
544303
1462381
6489351
3618118
8602705
1674056
3826613
9082649
3265006
5884692
9838396
6050292
2597471
977760
8688993
434875
7498574
9438221
7472004
6393095
4893896
5995894
7023934
1092216
3606985
4809709
8717372
5821782
4728744
4238705
3197425
5318394
4323065
5759869
5745184
9285419
8538791
370436
139561
6836765
5100946
4749337
5476128
751799
8682770
3220793
2113874
6470635
8191611
6964439
1638070
6095430
8128443
5513081
2523850
4852146
1499807
6821484
8124018
8096729
732092
907073
697377
4045454
7602628
3401439
8006668
4394048
7358938
7382212
6950739
4800376
7046602
3226566
8573496
9976665
1085425
3449754
8318482
735769
1963996
3103155
9310831
4086478
6220889
5587440
2406109
8326676
1382836
8224121
4757730
6569982
463743
3251479
2803148
7885841
4811481
1592149
90139
9794156
7676979
3615555
210995
1371127
4296588
2313690
2306157
7985479
1619097
3655591
2725133
5647117
695762
9362399
175291
4730988
3938127
6997710
5439826
659720
6188777
4472206
8250852
642137
2871628
8674997
138969
3003704
1804141
4597206
3657649
8933912
3078122
9710783
8394513
2058555
9520085
5565977
130365
5092441
4465894
174300
3319268
3593449
6201677
8251151
3037347
1710710
9781020
7380754
9434037
9396513
8999316
6823538
1037281
4338249
3792483
180039
3196147
1460040
627213
558944
3180208
2699002
8366245
5843507
7467714
9105028
7103615
2799632
4505726
6060733
3829440
9963527
2798166
498082
6338255
5987153
8045961
7356627
3581439
8831412
5287826
7270256
6845824
1106112
7923255
4257483
2530065
4416747
5521570
3546476
8021759
8079446
5033095
1916969
3336701
4782810
488820
4945255
5043301
5182039
4318875
7829539
7670849
1682876
8184802
7112530
9326290
122409
6501591
8521193
9704085
591395
8976777
6454962
3737443
144924
1937815
4295859
9505822
2112241
3521447
4389930
3795434
521645
9291431
7773659
1523688
7374701
471721
485638
1392513
129476
993397
2007388
9192188
6459045
1535702
46014
8814846
8909077
4104427
1800282
8011373
2670369
7429775
3849772
4530415
8665750
9191097
9544274
4753151
1006768
1402662
1769629
3686239
9419558
420611
9530674
6798939
8193453
7343016
7913979
9240794
5205577
3399813
9230450
2778391
3337347
7918730
9170402
5208262
6026449
1204849
7144562
2805312
1233717
2427285
8718513
5118841
4854537
3987531
427655
5554979
9953653
4549307
216986
3551881
733170
9179922
7383181
3474332
4751457
9496086
6133998
4833203
7203286
5435351
8843393
2669356
105963
8401533
2963379
1459777
5526071
3151480
7274430
9154144
3589449
8789347
6460228
1534103
2792997
7754118
1775567
313039
8363842
2972554
7951414
4983167
8203784
3473425
1727749
2339487
4759652
3923358
6096117
2033367
8201267
6693508
4280493
9423030
8879167
5285146
151783
6743128
7480730
9202797
9812011
8167334
7672500
3080263
3355720
741875
5728801
7317787
8051927
9116567
6307927
2182527
524392
2047207
2313681
4873304
440450
8014790
747009
2644946
6876490
5376516
2028706
4149402
53341
2205019
8431481
5807612
3984553
4140057
3538965
1081105
633244
2136056
6850424
5620292
9286828
1660655
3489154
4366398
3092417
9602181
1457149
6588764
6750209
2899985
1680631
2398954
9815238
6034065
2761149
9079198
1417980
9306387
3103715
3674193
5788568
329982
9389712
939206
4951837
1362495
1835512
3020401
7279311
43083
846345
3747364
8190058
2447371
5977660
746184
2435626
8535491
5844598
6635475
4976160
5015347
5093929
6652693
91715
9390284
3439220
6269734
1427020
2776324
9764720
510828
4990351
5659156
4728130
5184710
6141045
8994382
1103977
4060917
2057607
4982169
9808208
8860553
1911052
3395735
4331242
1389028
1029174
3218017
1313352
9402796
6621885
268484
153010
9942414
1956038
5810501
1144124
4338891
3570564
2791217
4701326
4560409
2667213
619077
6385942
962385
933114
987169
9447495
6910795
4258064
5086086
9136803
8288092
6879290
6389954
5140307
3499355
292489
2735276
1098226
3454335
1751999
3807957
7608287
4693213
5482959
6094269
2636016
6242831
4710379
927064
8229130
2442793
9432197
7438435
8847409
7209141
4456188
2607088
4175353
6894642
4177644
6758382
6398221
2420405
1842584
9052020
1967066
3836632
618981
7804011
5922995
4868766
5458847
5666730
3915342
1597093
3286467
8196547
7282441
568387
918984
7099564
8403280
6192311
8031447
4656350
5539518
9916502
5845386
9167480
2857049
6774292
7487650
9471683
3421724
9022337
7585174
3222198
8502979
6490364
6089873
9015579
5383438
9226107
26384
3223543
4723560
7813664
6633007
4910571
9365801
2048775
1520882
5044398
3741207
1610276
2555890
1858581
1517064
5017219
5054602
7702087
1690281
6467955
9834353
1059820
4136912
2960662
8009275
5903749
8380721
456124
1693580
6597568
7508119
8954508
3650846
8998519
9074532
5206535
8236307
9293986
1448657
2053105
9647774
3203670
2695456
7610166
5689083
1813169
9343529
1171860
3850458
4440406
1469997
3901572
6862415
2194711
920658
9299523
5361828
5260512
5144854
8319470
3183983
6036458
627392
8534732
5790912
2078874
2666947
6053552
5097943
4161145
1335118
931122
6419185
3041888
2749511
1589207
8858555
4074757
9804694
4511230
8963777
643406
8827290
5763788
2536313
4016677
1859184
7990386
3527736
8621743
364265
1453050
3400116
6105061
9503394
7889596
2729812
9847181
8795032
7683308
6697574
761382
5331592
1738247
4861291
1037085
4882078
6433717
2478976
5017476
591707
1544409
9300906
8249527
408970
2845074
1475151
6150932
8158606
1590188
3816582
2472646
1063516
4220550
6117736
110511
961777
3551688
5989470
8521843
4904090
983421
7362613
1831141
5546862
8089339
5487856
1737800
53073
2127822
7359293
9463660
4395818
6434146
1424128
348285
7477296
4383208
5635928
6493893
1319167
4709629
9327178
8634472
1689184
992113
3252938
131023
9110660
411997
817149
3744303
37879
7089457
3907435
1061866
5141764
8639599
9693944
8735774
9991243
1671469
2239550
7533393
7483086
3150904
5484714
7819650
1130734
9290160
1722401
1228924
2074697
6840583
9974727
2730830
2839285
9405670
6606330
7290118
675541
9439286
3160934
578336
7459664
8351822
3801641
6822170
8285441
1938810
6096499
8355357
3730771
3571033
8697400
5967837
447042
2626805
7693105
5543272
6285575
3119241
5199338
9130723
554642
9954185
7543121
9296846
4344862
1306202
5140707
7994906
7205229
7503153
836311
9000562
3567665
3068335
6650711
499831
3115595
3384314
3470006
661769
101400
3266052
7511898
6514885
8730569
6238457
5402247
8348448
5751944
8315572
7726785
19664
479087
5306810
7302136
9535646
3451269
8099963
2813978
1241645
311821
8034703
2441155
6662840
6229694
4551110
6591592
9607669
4316889
8421993
4267017
6355443
6588571
537705
83753
2131361
6143888
681362
1945938
1972708
2579307
5749705
6560834
8533828
4244769
8892257
7375615
24352
6805661
5233037
9945289
3338737
6189162
6609511
1618646
3679409
6928460
6034621
9463240
7973554
1152515
3101167
2321813
2441914
1843229
9871188
8688943
921979
2515071
5475530
4371275
1358533
6501167
6711346
1617565
6715599
6609758
9590208
6693378
2712889
2305439
4349660
9265396
1355339
6252518
1186260
210052
9973848
324776
6997145
9422710
1246827
920936
4016345
3112577
3373633
7149541
9317929
8167788
4080538
9027194
1528171
5400603
7111877
5361009
9701020
7848003
7725480
2389037
9091059
3980970
6760573
8225999
861379
6152104
2997106
8100348
6472182
5909005
9765083
793341
6809188
2176722
3923599
3958118
8327678
9353811
7297352
5003094
8064843
2973402
9503096
3287009
5444987
4436619
7724234
7177546
7615180
1875706
1222665
9501388
4687781
5291713
5714859
8883293
7954341
9820555
5888088
8768125
4928343
9957571
8017957
9755644
6175463
1716034
2171247
7019392
5262617
8627489
7853216
1347471
1011698
9929789
5905055
8067380
4485948
3110071
9965321
8771841
5919425
2409266
1374285
9296204
6533068
9643692
168836
3511607
652431
4510538
3546785
7398776
9422231
726391
7227597
5275766
1564394
5971777
2615680
6297141
7312925
7828595
9850525
573577
337698
1176516
5691994
7417565
1682394
4366185
1629574
6713940
1583960
3268689
541323
603768
3308624
8389362
4668064
2700405
693314
2799576
8908066
6357800
3100234
3671692
2737272
5353860
5171077
9022789
8342517
7746148
9785728
3030152
2272553
1898421
8497294
3641203
2821089
5097718
6415259
4360657
7582951
9161251
3435873
4825613
9251959
1142421
6920829
5173082
6410198
9005855
294288
9337686
3217186
5127183
4654473
7238576
9336364
9362922
8921635
9780761
2285921
7546323
2202147
9962920
541931
5835658
3414976
7002827
4289726
3517238
2144849
700515
8211977
7888453
3738364
2642914
2048210
1344432
8584182
4377519
7728949
4411071
4694572
1880674
7019905
9847580
8135321
8177004
7933921
3612350
5936640
9891419
9758453
461023
1112340
2566865
9266096
9963579
6847951
1936591
2502105
3480177
7197862
9118439
5330827
1875894
516215
4728300
6789677
5259330
8545069
5065693
8341595
4175322
9959639
6592181
608853
7406121
2053209
2046741
1227542
8613212
8345288
1920869
2570059
9052723
9920094
8208370
4054202
1809511
7949894
6275254
3899999
9297948
3065228
7080057
3829828
6339272
1076101
7846335
1344408
3533717
2854147
9079246
4491694
6531791
3731933
8179381
4490227
8053467
8779659
4516212
1817692
9291783
647582
2752442
7565652
3258597
7007021
5728712
4255877
5231485
5194625
952557
8263153
807647
1541045
2613103
6397575
1791179
3062003
8411350
5258164
5727738
2661771
2947609
106334
5702653
8369064
6728423
704995
7931956
3006088
7876828
1860822
9694170
1398927
9636303
929447
3728289
1832281
2470710
7958049
1036404
160466
7150678
1763296
9898215
7313705
1915305
6779401
6179084
3867275
7495105
2219459
9013288
804966
6861095
5309221
1484101
9743520
4499798
5098694
2583919
49203
4170370
9194168
8973679
2233057
6837139
9081510
7209028
4328953
5844093
8575308
8056311
8615204
5337045
8033687
1222197
4287682
4274
2102175
393322
3037934
9156637
5488687
2628729
6165929
1748343
5330043
5011140
5583684
9902366
3692911
3068596
6959534
4837644
6771437
3761709
8733499
2026971
5921301
8828511
9877401
7692363
2699399
8571292
9238667
5815067
1813104
5684951
9391418
3578959
957890
15866
8588604
3905002
4640793
1996098
5967912
7283179
543224
3741416
7524504
4805852
4384907
6369903
5581938
214534
9396255
8446925
2842514
3186837
8865534
6528482
9368333
6519834
9426693
3642499
672500
6916876
1421747
9067954
8122767
3777672
1953032
3780808
7323357
1902209
2790657
6764886
8980898
8168207
1048116
4210154
379755
9134428
6246990
3579450
6047359
8497873
8197751
7658759
8204832
571319
2512742
7229410
8477451
744691
4329002
7681
179956
2131471
3496689
5010925
2394599
1516871
5868794
3752825
2544382
6091596
160740
1562841
3152740
5495019
9144231
8387794
1812453
28236
3899886
6398929
8621930
1276548
7324356
224900
850803
5800804
4550598
9832003
5198399
4487869
8133241
5640537
8001286
4760378
2181428
3055654
8803478
882822
8358879
2025886
3996820
2279807
1048653
1632758
4342599
1767762
9305161
9232121
4015640
7261157
4776745
808841
6315810
1430109
6822171
3318796
5419774
9339437
800331
4594909
7391309
7429613
8624560
2206417
2788996
501636
884657
5772544
8234236
5069626
858593
6222690
8554768
5474769
440770
7348422
176827
1721145
3519297
4918748
4322257
5013236
3955931
8711811
5044964
5872607
8631397
3600524
3816153
8976790
3406076
3739141
8458954
4464584
6465064
9615714
2191662
9797233
5500236
478191
135010
773964
5801840
3312494
6925970
9757000
2071291
9304702
9885625
8787552
1283331
4497903
4846216
7564052
6248009
9973093
9713295
5661817
3774032
3903321
1086022
8462692
3010685
3621199
581804
1917025
7806043
8323885
1129379
9712455
3159179
9905930
8963266
9316029
6107487
8276280
9864740
7724126
3726841
1201383
9979103
2996715
8118820
2175402
896643
635996
11279
1454863
5030454
4269716
730315
5189456
2046029
9330126
6359285
3947623
6881434
7995229
7431653
4918091
1455035
9582610
2940739
631174
1772316
7405066
3500298
1434351
6228796
9578165
8537738
410265
2996982
351995
7067922
8490486
8642143
9990163
2898146
8444716
89336
3757501
3378355
10301
5702642
8198046
1862995
1959560
3425729
5606697
7110169
7178174
1025864
7020179
5714852
3737014
5677753
4381898
4948217
7685629
4878794
5549494
7684460
6122438
540068
1579400
7409805
6212297
5965710
2500458
9634
3494041
415974
583757
6225281
2314431
4318986
3555064
1619432
9562845
5231470
6492243
854163
5166853
4722021
8749080
3577366
2995286
5353692
7622547
9414484
4401060
9552145
4265692
1679792
5497655
8822345
6378780
1978962
399901
4306817
357291
765199
8361406
4110128
7094487
7877568
945996
7903205
4864404
7113383
5282521
6583280
5213373
7154584
6592021
1859302
9987552
9114992
2925257
1507264
8143335
6315281
882369
8972842
5316192
3422822
5245453
5573643
7745006
9213856
532708
6219696
846273
5241853
8363357
3056151
2752983
8599540
2770484
541776
4306207
3703279
2804368
4799489
1770087
7014991
3863759
3499188
4735315
7712286
9443948
1598957
5173245
1288824
6452143
9873354
6751259
7018203
4376522
748388
8462689
2390063
120180
8766961
86463
1322419
4113618
4708516
2694297
6908450
8107998
8230689
8818115
5688804
1445581
996524
6366845
5317344
5034159
8102707
3771099
9301045
723835
8114513
9518611
7576808
4517948
6703041
8986305
7293947
4983391
7360196
7529880
1433838
3564443
1313910
1536506
184887
5081989
2435031
3627056
4471118
9512517
9615511
1053444
8132406
1980989
8145890
8211935
2922541
5791804
5817568
259141
6167026
3121645
314399
2567503
1562538
2976265
4503174
4220771
8546555
6710056
5857474
8575993
2839969
3791120
3174121
4510241
69001
2542504
5437516
9880341
4950902
8056887
1763223
6135729
4736865
1164256
1281339
8994957
8413832
7017259
3596075
734797
1001821
7660010
8380031
8292998
8044420
4929940
3941152
1565731
8609992
3363466
2814692
3722177
879581
6084261
8213656
6429700
5587675
8631401
5255822
8379630
9533510
9605208
309
9719924
7749399
7918785
7388822
2158066
7754903
4786530
3401640
2276714
2086181
8863887
3124584
8726419
4915955
1060045
9873448
2417238
7911785
7277604
1508949
4372611
5077131
2601017
7890490
9060016
9126347
4423202
4521794
8909624
2398411
6397089
6928932
6357683
3569658
9991669
6024297
4095468
8612006
3658881
2607772
478410
5949428
5255653
8003599
228903
3100172
4203677
3068512
5559731
6022765
3549252
7003738
9028993
6448830
5982657
9744623
9801469
2775013
4039285
4515211
3282185
7699992
5829527
8452848
3788234
873813
2464952
6596380
239521
6840590
3843903
872180
5961496
934776
9498329
1595338
4901436
9872095
3445064
4096496
715970
7707763
5399779
2327732
6445704
3433386
4005849
4385831
6238013
3626163
5489959
777612
5181728
9764441
4544140
4054999
89744
774255
9908093
987931
8223560
8464224
2308545
3475908
1927149
6898059
6885461
1017016
2794876
6331163
9038939
8068360
8982188
2920147
5453073
7834479
4259062
7741068
110457
6465419
723820
5140667
236441
4063181
3713105
9973211
7271843
3980192
2594116
5950380
3055030
3429283
2342692
1656739
222401
8084902
714992
2687953
6126398
2600388
4566452
1755083
60171
2354704
9822258
8090545
3523217
69016
853737
9776129
9081570
7244347
1006430
5616385
7073290
8796897
6523444
1525664
334890
2391041
178593
8363997
9733937
2234605
7293344
5992751
7902095
2875155
3382009
7746504
2673819
1972967
8233503
4465873
6391579
5277684
6926735
5149747
1478983
8506179
6360969
4753552
52986
337690
9902695
8833640
9472563
5817348
5122675
438218
9802434
4105340
2260407
4059144
4765961
6414610
9447739
6443773
5908510
6102996
266640
1418496
2913619
6281448
6917216
1319949
100
6222155
6826992
5861363
6833180
2195290
9902432
3011671
3223580
3299591
9493739
3389689
465209
7344107
8637531
7416287
6216820
8806055
6847621
3145042
5925699
8602288
9406582
8348294
1465067
2025079
5642752
7111573
8354380
3557664
936210
9849297
8822392
8061683
3925871
9663814
8517093
9457427
3765000
3652231
4602855
2988212
9487058
9580569
920722
1501819
3611961
4970712
9610240
5123502
2233352
9816335
8743678
9426174
4522318
9613764
2566316
1769416
2197443
3217754
9614721
9742149
3043459
3034399
1124538
5411151
8392004
5980391
5872139
7900793
9712387
6506611
4584406
3626892
6281084
5516785
1192166
5412273
3519697
3078620
413575
7864210
8071808
9937304
4593265
5798425
3458736
5491276
5146716
4328614
6542754
4308125
3301234
2398624
1198046
5349792
1857542
419905
7108704
7451874
5002072
4783455
3421367
5808259
63566
3245718
9195651
1395598
1829103
2025676
8459867
5778296
5143318
377088
1117652
5879359
5237977
9945366
6636305
8260048
211696
703148
6189969
7950509
4195976
5587827
6137470
6309015
3920546
3728768
9738036
2109121
4158639
9523826
2740399
80123
6248911
2825169
8840599
209597
993277
9547270
1010208
9412501
6249561
6104365
8825391
9338321
7433114
4325206
1626435
6679262
3549347
1586281
7578058
2890065
822086
5881343
130783
4938690
8569465
9435541
1292063
6510666
9486080
7477873
4351011
2808042
7825700
5711553
1713310
7538278
3363975
7014460
9939990
5491908
8391273
4056378
254088
4974258
8584233
5504473
4015273
8444572
8788076
5545171
6493634
8433567
1634419
6432922
4965462
3861388
2198671
4502515
7063881
289487
1857833
8443262
6871099
6284196
3302437
1347467
1659884
5661755
1978862
717146
2045945
674520
5929009
6871839
2792401
9058994
4222052
892644
9522678
5611513
2662692
3159618
3136735
9129121
713959
5512127
1780211
7209593
379933
3662300
2739817
7562228
8960652
2299002
3488364
7501886
7341990
4361011
6612974
5796239
5301061
4979529
9225068
5650310
6600832
5951309
2604115
3836766
7304891
3549866
9063163
9840525
9008051
8757445
7702351
9048137
360465
8584447
668709
4165212
6014575
9370138
1783881
5294273
4471365
2574270
9779595
7773021
5216803
157770
9131571
8832425
874946
2435971
2348740
475873
913917
5817082
4509010
741235
8834701
6552080
6302603
2869315
6387304
5021858
6248142
5239633
9984851
7715680
4486039
3968550
4566145
656861
1384939
6138989
9429061
2369934
1007768
8464539
4530725
939296
3294426
7289772
4351016
5326203
7579336
8636745
1834354
7046040
3092870
8463048
4440790
7321530
5912369
6659476
7567754
8856869
8517867
1179495
6838201
9889300
6269649
4402456
9959476
2895168
3187170
3552577
5859573
3694348
9743431
3125305
2698944
8396724
4000062
8340679
7216749
8880556
7899516
3213163
5080336
4500998
205311
7669548
7772356
3693136
8967621
7209306
7687152
5374956
9778324
1475924
3562885
3596250
1378435
8549677
5102102
5526275
4584559
5316312
7826732
6509271
7963318
4530603
1356702
7621815
2179950
8783406
4473172
1238672
8554791
9531347
1659199
4897613
2733416
8177301
8668881
7214425
8021429
873977
6826672
9009585
9388583
6287663
4510256
7406029
5743696
9637927
6308909
9424012
4554313
7709651
6453508
3740111
5543484
9144047
3273319
4875420
8813419
2418311
6031643
9222857
4728336
1382727
7338314
2342455
2140607
6743777
1883974
3607906
6922649
961261
3823330
2256225
511428
5264042
696068
5659448
9816258
6517897
1527633
9471021
2017116
8164314
2400117
9823501
6302862
386591
4111595
8710585
1778748
8022719
4708881
4291898
5136629
6443338
454748
9022667
3093638
1148209
7842582
8532217
3340668
3375331
256393
7730711
544448
5969086
127200
7655038
4721561
1416686
5744028
4135135
1691147
9012917
3362357
992918
1083675
2323967
1859974
1106576
4079917
48470
1805797
1197606
614719
1132066
636267
7309997
3329893
9858324
9779089
7220859
5332995
7775584
5508887
1300053
1539134
3245917
1139878
5077449
1716842
4226841
9404167
2376082
1381113
8835729
9604667
3601607
4505400
7754891
9232567
1329293
7163295
5371039
3011695
6564575
8660959
7020
1844207
4425830
1162731
6306810
9756559
6027239
4538644
2499748
5954773
4068099
1753171
771365
4476170
8114943
8487178
4967358
2058426
3771526
4337425
3564810
4098483
864741
8671677
4276896
6189841
9455152
7465489
2392008
6508926
5569440
3404085
3036704
6813543
5917250
7412338
6238400
4191573
9470087
5193662
9866254
619278
7452090
8819644
4800064
8526038
9958959
4712169
6172804
9066302
2393129
7087236
9577222
5479016
4763574
5433865
4786812
4797918
7704695
3439070
6380116
740964
7948127
738424
9685562
2250389
7292422
9454032
8693121
7820974
1988002
7073210
6727626
6936514
1471439
5368148
8665248
7111915
9404936
5854648
5675519
8049843
3056594
3876196
2822753
3279174
5142009
573527
9568946
789485
3650311
4926444
8215338
3839421
5415245
1482540
7957707
371871
2749802
2291971
2623111
6858597
6678866
4369146
3136034
7249678
4776936
1050997
4308879
8211695
1567748
7989662
5629779
6754763
9551320
792531
3228417
1558744
2931594
9963607
2545834
7203775
5670077
2592089
6294617
424444
596701
6021317
831039
9586682
1513100
6712577
1664418
6449074
6984923
7943917
3750140
3173355
5459958
5811502
2797281
8703642
8439619
6185133
6581607
4966739
3543020
8475429
8703061
4483545
3072378
8600650
7975220
1722715
9027380
4830638
4463756
3850193
8131122
4922056
1761977
2285857
9984748
2169442
1373324
9868894
8308673
8401543
7046288
7370005
5044621
7468000
254672
8616252
8493168
8267279
2290408
662934
8124556
6145379
7821498
9440921
6008584
4645937
1670333
4040692
805457
1467982
1491211
247690
3187147
6929062
5043749
9490101
3972423
9225668
1936576
6691350
4241327
9001549
4195978
2588232
8700381
8488969
8082214
4057616
6312149
9081069
4155355
4667707
4266866
7457438
2986790
8833244
6980147
2101473
4443775
5916035
5390890
2901888
5031675
2294565
3772
7981351
6509086
5428976
2163657
2943202
836960
3729930
3143253
7436477
7415653
4035447
8326978
7970922
4542146
101860
4609985
8675998
657535
811050
375227
933405
2556430
1783876
5286404
8327451
9017438
438315
9931095
4914691
9663948
9581754
4621510
5564370
4334652
4080803
8146653
6355358
5305198
8247477
1955201
8629258
5435266
3355208
9685012
7933796
4984486
5612856
5709639
1243237
9933584
3863782
4644727
252782
7777511
3729333
2209707
7903221
9822497
4921114
8427822
6859912
6176382
8388015
5551681
1792617
3947153
5023540
7786159
4698054
8515153
4292867
2549659
1175728
605568
1671787
9547063
2740768
4679425
7076859
107775
4551238
3052159
5291698
5064037
5517555
6926663
3529475
3388169
5583079
2582028
6882612
4359952
4759294
7525763
9781160
4448828
8942990
9473795
8987830
1911893
7179858
1867699
3410482
9234049
1107389
2340947
8223621
6002536
5999691
9516825
1408206
8581678
9035242
6956371
1006064
9936995
7824478
4647633
8606279
7086882
9195989
2641491
4113509
6614520
6346247
1799302
8036366
7934967
2159004
3991002
8301367
3637413
6697241
1109042
9338270
6807308
5611597
3199756
6092151
5604036
2880884
2018705
9839123
251125
6692884
8122370
9337542
6970739
7257473
509004
3777522
1024753
1752257
833524
7274365
978397
1835462
705740
993918
4849449
6790496
2848790
1181465
9058274
9773514
6451486
7201309
8564445
7882475
3984837
5631181
8399024
3060017
588311
446628
9833491
4332328
6307458
4837402
436507
5363940
1467589
2299343
7731427
2151308
1115234
634281
5209369
4987837
8182875
2460590
6476063
8977779
4158283
9367387
7303518
3737859
1627319
1790668
4136706
6552046
5534328
5104410
2329193
6315010
1131386
1353336
950624
1930918
2866779
3057125
9296164
3110623
3079323
538590
66992
9774873
245788
770824
551224
8703629
1723764
8598040
73495
188326
7253594
2493416
3627832
4079739
7488991
9092925
5017845
5801288
1445857
4745723
1370337
6148341
3335413
4717958
3723195
1012150
2805235
5982630
6621699
3396665
1255655
5415193
5592672
3227087
2867326
827524
8418135
469363
472465
8953764
5946726
8025644
2630424
4116362
1857759
713931
5682134
2367935
3843418
4054608
1007735
9696677
8731244
5542085
6367018
1034145
4197178
9021716
3122056
31527
4264820
73708
9165751
5587504
2716591
6626871
7606377
4752214
8621527
298501
8175499
2976029
1062840
1517520
7028509
1494112
1057020
3014560
3137521
9364329
2334328
2088705
3199377
7016740
1966996
3544540
754336
1364692
7388235
9304652
5416795
3655841
1304166
593852
1589689
8520974
6640913
196027
2782201
9787534
1738120
7671080
6124648
8617037
25770
8395555
9576602
3016981
1248599
2287626
1510646
1259766
4255430
8293414
8874005
195612
8999948
1506823
1880063
1904861
9388092
1394614
7775095
5918544
8335914
5047208
8934964
9340446
4197085
3417777
4620122
5638007
6430911
3742205
6371323
4656765
2148335
5077373
9835339
7063500
2326027
8661718
5730305
6358647
2328995
2950104
6980517
8988881
6833075
4385822
8555828
6595780
6893084
5034377
4804751
9097824
1799355
8656312
5860858
891607
2157349
2024099
8760188
314648
3351684
7793982
7519296
5399493
9208808
3480281
3992727
26431
497802
3852502
4637893
6477231
3101191
6831248
2310853
8434020
6729019
936703
8444260
5741323
3676947
654318
8163736
7914218
9434109
2610709
7019874
1262990
813689
4135577
4342443
6543460
716211
9750362
9382049
6884456
7951525
2519503
7335935
5318721
6889635
4374112
3955990
4172039
5729274
3043770
5131193
8649541
9547870
9635356
5870644
7305133
7101917
6949690
6697171
5517053
6232311
7220923
4807076
909916
3669566
6114718
6384938
3204204
4114800
7077059
1563985
7546774
1484652
3594365
5130587
3133871
7679413
6019150
2044377
8406847
996561
6610623
4650561
6605373
381187
3832954
8427791
2317659
4623634
6176405
3070252
5035224
2453864
2421524
2291001
1727907
4797507
2727296
1467688
7808672
2409745
4175518
6238267
1139994
506052
3373494
4753174
1088084
696407
5323036
9984244
1911206
1160564
9079944
272501
2964465
8162952
7038424
6592392
422706
8793532
9943050
8689935
3918331
2959407
1847456
3483482
1839566
751812
3701588
5121320
5897280
9975123
4955639
7664427
1360218
8848527
4758670
9242311
6118947
1069097
4042532
6415781
6624662
3297655
2806102
5664750
8642502
2544233
3775044
4604200
7429261
5905724
8119001
4799589
7149154
6714140
9637721
6537627
6850266
5160237
1658796
5819235
9367355
5548086
1879219
9918869
7069759
3183014
429281
9247168
5311632
2395776
4915452
1432244
5989896
9699261
5012944
2691920
2008828
526053
8129655
4682131
6486740
1945130
9387034
6820206
3647060
2600758
6845171
5152252
2009248
6128273
409769
234677
2744939
6250087
9278000
3322124
459527
4999267
4901757
6888408
4553247
9969510
9888528
5823482
486553
268346
6705407
2891423
737895
9847615
670494
3020656
3680835
7984475
8839793
6974513
4552821
3648946
1533382
7835834
7436760
295498
3342101
1143781
8080871
9934668
7984473
9446087
9077450
9864385
7012149
2442462
9313833
8763567
1091050
3978772
8330630
607090
2576650
9543661
7811210
5802397
4207778
580989
2139035
6093128
2643245
6948754
2123064
7828691
3354297
8031893
2202200
9732303
3980115
9410747
2976351
4619797
7294978
9051702
8037199
2084666
815028
6561907
4473460
208729
5860048
6022079
123585
686564
6076241
7269618
716613
3884364
3351005
5431818
5027395
7072533
9703710
5866834
3949033
9504977
8847375
9751756
6824395
2334089
2503587
7146014
7546194
2349428
7769028
8379819
2175093
7055405
1328714
3203153
1406284
726861
3754592
7008497
8898139
3887802
3914450
5171414
8632251
1141504
6942348
258745
5761682
9618048
3506091
575449
3192878
7155347
9325918
5530509
6882221
9482730
2805723
8262224
3831548
362969
7282455
6588790
4180689
1853438
2349576
5819242
8183392
8242202
2566058
4999989
7529961
468530
7848682
2240583
5797930
7403464
6114241
2154557
739018
4463133
3189630
9710619
5858601
9795796
5519544
9739800
5282011
1933541
3337795
6822313
5391933
1390723
4198231
6458979
8749754
3244652
576897
9474450
818988
6155892
8501247
5092435
3170919
6550495
4785453
5087525
3059754
7757873
8260298
6330647
6446465
6057783
9973656
5062115
9798929
6935299
5469671
7512198
1695568
2170254
2103134
4229679
1213067
1576194
2651724
1634829
7064806
4076975
7206998
2942352
1811944
3077905
1475805
9411107
8028981
3163912
9195558
9120697
5169198
4116244
6821214
7029326
1763443
1305565
2194735
6771864
3151066
2515515
7265958
8455826
1300611
3403632
3657402
6372277
9525196
4384348
8998861
835687
7527193
1863534
9359799
4705982
1778494
8340759
5078399
4062982
1895291
7664253
4956224
7315824
6171756
8978298
2791966
583636
9106823
4861429
1351001
9777884
1068028
1854759
6668170
1936028
8950809
9658707
1761569
2137403
3138927
8262097
4874175
8650002
8064349
5850509
7740494
2934944
1950463
3189823
1858259
7824474
6410876
1455188
8627464
310951
3203215
8290977
5936511
5989976
1201971
8035129
5336628
3456023
9933731
7455109
9302814
9058416
5383521
2061270
825000
5193806
9760804
7097907
7425706
4943863
6355531
1217427
3094161
7869505
5942693
3556944
7262022
4252640
9500374
3292894
5930557
3643644
9105300
7665775
2245298
1670769
8442703
6492943
2284033
8867742
2153011
1495791
2982062
1074998
1455951
1727419
2296569
1174292
6978457
3425587
4136711
5395984
704574
5168540
1061606
5348173
8019020
3195906
2334900
823558
2819013
4123926
2298936
3594264
4925985
1441458
9772872
2177079
5123898
141072
3266886
4157656
4302220
9298431
1752136
5269995
6283434
7497243
3261051
3768633
1158267
8794745
5319610
742271
7332410
2087845
131305
9849963
4813711
6097976
5171710
6805489
7926387
7820387
6649226
2684521
1866124
9887080
3627708
2783977
9722271
8516741
1367519
4891341
2454531
3785290
7262451
1055658
908356
480679
2385501
1452261
4476744
3852212
3289946
5403159
4667962
7773535
4362788
8410547
6964412
3511668
5716943
811172
7814733
4983995
3279612
20524
2562572
2064465
7355873
5598344
9670653
604255
9114148
1802741
5288849
3506375
8815236
6337587
7087179
3396443
741854
5268437
6311580
911633
3976088
9384420
6182278
1423185
8695240
7911185
4388380
4186712
7738616
7545730
7694340
7693151
1821014
733565
7106521
7811534
1707303
9477386
144061
4587470
2973413
3013508
3512554
7288871
5899717
1920434
2846602
8649526
8564883
777690
3882489
2322300
281674
575169
3214140
1792199
143869
5889632
255497
4433854
5912517
2116030
6437249
9603251
7842535
1585891
3433985
7569204
1168311
2229598
9114925
175375
9675365
6241060
4354288
6266993
5287764
7620567
9883695
7522288
3077448
1465524
661812
2910443
5043088
5603443
1332178
829989
6683295
200980
4769583
4560331
8294812
1977046
3282668
208253
6114841
6178150
8120778
6001921
5830053
3532767
1635955
9926405
6055701
2726438
8486512
6963040
2501836
7679170
4631807
3988849
1682676
2502675
9339001
9376135
1776191
570027
6927347
8240740
332096
5046889
1624477
8726999
2372455
6560355
8969849
6890211
3195437
8650307
7503526
7912761
2024287
758502
7138611
9558688
6772936
7388441
4117402
357251
9882590
6884396
8035223
9439277
3204864
7571907
8726953
3387567
2548949
2125965
5838103
6706790
967831
8130833
3637466
4587202
4976285
2162308
6022250
6313818
7622863
5502140
6279489
6035918
7790467
5993500
5885892
7248809
6476913
307820
7521661
9085
653113
5015399
9928929
6840163
3877361
4892853
157770
7155710
5013196
8062944
6884961
9572053
8758253
9960309
4935059
6948296
1546583
3554382
4883669
7343532
8510632
3080305
7204299
8528415
1310209
824656
6293030
8244825
7788191
9010865
8846871
9647828
709329
6174753
3315844
1175804
2048358
198780
6277490
1073683
6446790
7417611
5967758
2853614
3996192
9392935
948745
9874615
1781669
8343931
7303535
6661840
6478457
1527359
2615358
6338278
5516046
2098962
4296577
5036048
5172095
6025620
587810
2254378
7009238
4512863
7728521
1197268
2942321
9569727
5949711
78418
2919616
4412149
9435106
6873739
2394423
6402616
2451292
3624927
7470474
1403564
9989474
1805696
9683624
8891009
8945901
9534933
2505081
904663
9223885
9170118
4327836
6612859
125196
3765202
3186084
9774061
8032777
5320443
1865571
513750
6446267
2978998
8441832
2721707
2955630
4448891
1663581
9428956
4656580
5679850
1688875
7710871
6514084
9572811
3756198
5663140
8276959
4726359
4765645
8902498
2866053
9891362
6429552
5052160
6880404
2882575
108290
8887241
6198238
7498956
6661688
7769045
1450100
9071989
9501555
4556154
3796511
237168
1395897
8703701
8746071
8489496
2431312
3295624
6822665
5024585
5280645
6549558
4340501
8756936
5639392
404977
7532638
3933049
5586599
3024141
732679
4480398
61714
2687268
5427194
838812
1747683
9283480
8166385
6308486
7065890
9988041
9868485
1314392
7099147
3669597
5793543
5465307
456806
4257240
7895503
363033
4089662
184261
4070968
3433835
9993194
2088000
8637926
7020670
662705
6644328
5247773
3910294
7399938
1282626
9967299
3236437
6121628
1508308
234726
9215045
3069678
7686248
6325542
6205477
719417
1807840
3730942
2746955
6121595
9306456
3500525
427070
7231122
4496212
1055685
6148407
5822723
7961889
1934823
4846757
6539530
3498543
3171204
7268040
3661804
5500850
7043772
4347403
6980098
4880662
8246422
3033312
2470788
1406655
4939752
7146105
1747104
4554344
2123685
3330338
3225956
5772789
4284458
1438611
2726218
8021252
8234300
7226918
6043428
6736115
4503045
5823426
2013153
2293785
2612972
9976911
5841818
4278688
6119994
2097776
1158116
2448999
8139028
1053898
3472351
1466429
8449990
5882639
3668406
5053817
6517495
5326718
7125128
3633553
9095267
6627202
678399
5849044
3489461
4373911
9219955
2220681
9890081
1088777
1469116
3244824
168964
8625079
3808568
9213041
6366976
7241687
2878029
7664616
1087728
2316984
6166216
939484
7188149
7861751
4614100
8036161
2637135
7560472
8372173
8977351
5601237
4049110
4015942
3337988
3903644
9696417
7374068
3669935
6876315
9961137
9375171
6457449
5500257
5143305
1531966
5960324
4042238
2213164
9410690
9303997
452522
6194787
5091142
9644228
828385
7542573
8753886
3033266
8965562
4300468
8808962
1258567
6037227
8724045
3963450
3509656
5674370
7101139
406417
786137
2891548
2579842
3445973
6758776
7362532
6806720
8362557
337080
9450325
962797
4024332
8682562
7488078
1554950
7495050
7311287
5361947
6712228
4278579
2175451
9504074
4800768
4542725
6285837
6142756
1363367
5913858
5327212
9621401
3880084
6029024
87765
4826736
4392347
2430903
2515362
369579
9274498
6007997
4582787
104592
6346314
4402282
1469801
6058253
4051910
2280309
3621474
8663062
5084682
7176206
3630566
3200482
5831959
3611397
1094860
9346046
5044123
9809959
6554496
6222710
9964267
9244634
162917
4484155
1078160
5469425
998600
7019603
6535408
512922
3117137
5100275
1933257
3462450
531433
5897721
2709088
2478737
6508172
3301383
2803890
2647020
1077628
5255578
8273678
1092926
7949475
9405315
4987458
2186541
826661
7121345
6219057
1473645
1354774
5342198
9619215
2442459
1982932
3774424
6534745
3317411
5679788
8858781
3295955
2942909
419299
2848781
4795948
5231761
3678
7865908
1894249
3647871
124895
1070081
273040
5492070
8319485
5445348
6267700
9898927
4631558
3523780
9725716
7119767
5642184
7221369
9420950
5967476
6681462
6260037
4654087
1265144
9403587
4094174
2819724
9632315
5665135
2933361
6677329
168519
3267626
5216700
8369656
1666549
7193522
8799649
4288628
7435390
4608919
9500887
6768007
278317
9717594
8516143
9064891
8363483
4530602
6704264
1357951
9846342
927441
4766251
7740991
7335187
3462609
3585089
4978429
4816383
1672563
8546874
1726726
5571966
5846759
6629345
5991206
9190665
749372
6434025
8355819
6089950
3496161
3859313
6031501
6026116
8435676
3143323
1795168
5015313
5251608
1304741
8407876
6565824
7365914
2391817
6721788
6971414
710928
3721769
2090550
9534028
4166293
3829809
5858748
5992394
8252141
4734575
9891763
7313088
8998309
7342603
640791
132617
7217622
7798994
889236
6945573
2649828
3193051
4043682
9160860
7036046
134657
5977546
3022913
7201344
380858
4014262
7435838
1789330
8592016
550476
280703
2971029
5096268
1026366
3161010
6302827
8931428
5904172
9048806
5939233
2190927
3733440
8611662
5466111
2898022
8768151
2589796
5668481
687055
783587
1753658
7792508
5192567
5596036
4714912
7256550
1184659
8094288
8661845
8322124
104023
8451664
1911736
7017777
9744078
7716957
9479758
7824401
6868817
279104
5270982
1272246
860175
8528566
9882199
5062922
1981146
4863306
7066136
9180657
4887709
8786924
3939615
4942023
7613240
8982094
9966196
4841297
2440822
2535609
9321891
414332
8366828
7702800
9471834
6880384
2015887
6292955
3422620
6989722
4628452
4076274
8820664
6858705
6970365
2358490
6060103
5335625
2316450
8380042
2231884
2020429
9110981
1043380
5246238
636141
9482628
2635210
6416206
5135447
6382698
9492777
9889255
3713911
8515289
6268207
4147581
1472629
4946580
5120215
628949
5569934
7495115
664964
2280413
8969285
6703078
331474
1324472
5292261
4792697
6014092
7695570
6737285
4204986
3975873
390417
4494605
1377085
8688285
2130881
8361091
6883550
4455215
5120531
1505098
4016689
4700333
5456822
7932895
931058
584078
8618568
6837753
1874529
9422055
2157821
5870915
228831
6597628
242402
8813507
5275221
8914777
9825494
98406
2348752
5180515
7344842
7866953
2422986
5554031
6939100
185002
1397409
8413088
4563766
7729685
3126796
8743195
9096805
1433529
6564354
5450494
6727275
5386463
3139845
3735273
5524481
9185540
4689382
5182703
4608524
3459556
9255667
2343286
9810594
301908
3298144
5216554
3957258
2909118
4185469
237315
8468041
8107267
5566290
2173873
7904067
3793697
8832603
914181
9445593
3229764
5104795
5533517
946263
6144969
1162394
4240287
8017516
7614749
7250781
5361129
4038541
3974794
3978630
3118480
4209093
1014679
4988648
1954574
8924880
9991505
2828115
5421680
205912
7837165
7397280
8753665
6527032
9397133
9929085
7075973
32402
2509750
9649069
8130140
6437705
4286775
1033663
4872556
3301180
4758427
2614338
9859079
2547459
3195049
8639203
1624402
6094659
5790235
9666670
5221691
78676
1382273
8121500
2150166
3336810
2090907
8739913
6278800
409751
5109918
9196290
2509360
6929509
2155226
9000568
8816251
479280
5142136
1491612
4412581
7071425
1058365
477040
4898051
6276156
5839385
5688620
3866786
5226564
5669072
7838381
6492500
3201115
1510588
6966019
6915444
8070545
1578787
2708649
3912251
791140
5246366
3680907
9764680
4698662
3287073
44105
9165397
7171359
981498
2408371
6761326
2196563
7585546
8063351
2508896
6079916
2496188
3745837
5717804
3776810
8939731
9133956
190591
7773706
677834
2290930
8700859
7122229
4895013
2056198
5965774
3031014
5688571
5081611
3700281
3093660
1101150
1087836
7940268
2851335
5786816
6791221
4355786
2585357
6790322
2827267
720172
3643323
4251305
4726033
7408735
6565970
2132295
9600173
2962686
7349413
7323154
514467
1546263
6052284
1367005
1797969
4095925
3503722
2507813
5914470
1204006
8924057
8304579
2197132
9607786
380759
2537204
1588107
3382977
7915588
5334597
4651455
2661540
5195825
5379629
6267662
1818186
604484
2052478
8709530
2544729
5670654
3875735
6543249
3929570
908640
5939747
5470144
8396719
8424563
2009329
7641126
4961246
9322688
9521479
7135022
5015930
425332
4981134
2002228
4278911
4127669
7673406
8331336
9622729
8620267
9573531
3930282
4722676
2624799
6072490
8377822
3462271
4840202
3353869
8894758
715167
7161870
1015870
8270062
5104813
2304299
4055316
6602019
8996786
2559012
2880384
7112183
7189046
1473986
6462588
667678
8084011
4731125
6669356
2132153
8580544
9789065
5300205
3005974
9789223
7113256
4562350
5716372
5550889
2726586
7334037
5427316
7214934
9866342
5085334
2083041
1402151
2973202
5611358
8868322
3413829
7859040
5900640
546207
6484851
9692790
5736856
2390736
3660390
8994300
502033
7119064
160291
5826509
1898657
6623168
5343289
9455572
645315
2651750
3229326
9301150
1667216
329318
900127
7290084
2261660
9238266
4786911
9619142
3574286
2983627
609414
8149099
4406235
8628162
5031083
7744240
9571607
1747930
6269377
1831269
7742311
4454506
2314828
1032824
750974
595029
5269106
3899210
2269486
1208899
9542590
4768362
1273288
928881
2652052
8776061
9702684
3221302
6111810
4062841
6213321
9799382
2433466
549359
1417730
7354702
210726
6838347
4729740
3099587
8889217
7143678
2153621
7076618
8230031
5936380
3943874
9871037
2797104
5120147
6139258
7354449
7340678
50429
3725123
7495711
7015861
2428210
5889477
995601
9031067
7525229
6198865
6413157
2934825
5709451
7079981
7861240
1094957
6284107
9770241
9331482
8235002
1899904
4430547
6796160
5464668
7544562
5110238
7884811
8973114
2912653
2967661
3066636
5608592
2541159
1666085
4164112
3386035
2374026
7262809
2600583
9097644
2992574
5892594
2190060
382521
7690139
4658975
8040517
3065339
4066564
920594
2198937
7519291
3764215
4614623
3149470
5548696
4167478
6247348
831924
9012616
2391469
1088904
8292266
7865123
2489067
6185975
5464652
7861081
4053000
9429480
5997529
8639011
4281371
3913150
4774666
1893622
4304094
6271807
1364616
741271
2911969
8258040
3298515
3331350
315327
9331760
6150911
9758171
8216239
7456468
126769
6315026
6251916
4278509
700198
9536506
8753095
6824177
3957466
5142171
429388
4219081
8193843
5353936
8884643
5367400
9495885
1132483
7946291
2296694
5771353
1116757
2161019
6596871
2064977
6585047
8516317
5731140
3565630
2639662
6639553
2591864
5605019
6532014
8862513
7133876
9815115
7178899
3082669
919854
9891101
9445186
9412582
5486330
2684745
9213560
9665834
6434691
6834278
3509807
4590179
9985083
8911412
8816218
2601027
1353409
8098487
3363428
2131795
9034169
4872850
5583417
5214646
5648463
3180625
8459043
4547720
6988397
2220604
2521162
6648178
6699812
5188064
2637502
6299413
3087268
6139975
932720
9261065
549569
3922149
8535856
6764040
7152087
7715290
9198635
9782873
1547813
3735836
3971761
2343874
9482498
1052555
2425638
4830939
467037
2754677
8724326
8239006
8127991
6085
6825534
9022294
9676345
8594208
252639
3609669
4554481
4022857
4114542
2880690
2110632
9256465
1031846
6766997
442712
7049912
9049049
651822
3901709
3456758
7362047
9922631
3739637
5691058
9437462
6320868
2186816
9773662
897608
714774
4347338
643593
4162811
7593072
6079903
7649177
5349430
6189609
2273748
9679665
7693334
3257609
8571453
5268746
3309375
8691246
8091203
8362950
3011699
1532553
3934995
2955502
937518
5538025
4722505
5902186
7057696
3125972
3656115
8031927
7889452
5958758
2471215
4088027
9932885
1101807
5997383
8171836
4697921
6779481
7791156
9474160
3467265
3346065
1671198
5198115
5634609
2009233
1103305
7132890
7589691
745293
8271163
9161227
5180956
432097
794884
4582544
9060238
9134679
133868
7247154
1534371
3158951
3577184
2997977
8123041
7112
2587516
1931963
8902028
8406259
2497942
8400587
9356679
60312
3964989
9389300
8641075
1964788
3119582
5317220
4164899
3308398
1356709
4085227
3532165
3290212
3321965
1432513
6306110
7414706
6002394
9587232
2943349
973153
160806
3486344
2931850
3413566
4200525
5108447
6381150
4867691
5764748
3516814
1758714
7019889
5708242
1746095
8755410
8411218
2337707
5637438
5454672
7284458
4498316
3678971
6744718
1653771
8031388
766392
4338850
829397
2544936
8209463
2709056
2436080
6668253
320686
8014138
2572199
7450626
3975197
7132498
1629802
4843444
9894125
4448250
3065454
4567284
6855391
1891454
9911794
5883859
2345410
910899
4714956
2498925
3201087
2436337
6055149
6569301
182667
5692272
5770772
9992720
9748822
2875265
7450637
851089
1577310
389058
1319011
4821773
5353454
901085
8461949
1728378
6242767
5901470
1582271
9156081
3580152
8737461
2394285
4238098
6282585
4762783
9809706
6797548
693315
5980014
1802316
2511597
3167851
4173035
4694434
2557589
8154494
3719306
4382124
2658349
9762311
1110701
7157145
3899544
5090345
7202010
5303832
780414
9039095
9144067
7437187
1733356
8915695
6920381
5358454
7252170
5803711
2093686
2988552
5159573
4225192
1549818
8198618
652921
2038813
8257432
8972078
5901236
3094390
1063355
9139922
9755731
6708913
2208106
6782814
108378
6562725
9595246
3370936
1422161
9706721
5230112
7270299
4562894
5311577
1664561
7814926
9872789
9821842
6491755
6959257
2814231
9222980
985962
4088089
6100520
7723208
4866957
4770800
5045211
7144922
5467281
1489987
6159744
9140502
3305394
4368999
391046
3962480
7332423
689247
1582671
419562
4511977
5719124
3760087
7637871
8554274
5649906
7956247
1640318
1722430
3174252
3880151
4430880
4231274
5027762
9941444
1225315
2282901
4617913
4102560
1968208
4444849
2776805
2628477
5018557
2433402
1694275
1146759
8264312
2747875
6743434
8704687
8707066
1579148
2418290
7512556
5166551
5206857
6547022
9843975
3162212
5294281
3129704
9747890
8256987
755515
793110
8933699
7076076
6285567
1234751
4893020
2817047
3979780
8395372
4484731
1514310
8885826
7680300
1565628
2936551
9387429
523545
7581768
9692100
5905339
2645187
1849143
5220236
8295522
6004033
498273
5057364
1148534
375759
3301187
2312606
2865871
2246616
3494188
5058493
6565
5789605
2712260
8459626
6911671
4937421
3985363
5782600
7563178
2095513
1959529
877349
8599521
1271558
4218366
8495256
6196986
5432276
2900398
5854186
7574898
8053414
4485511
9856992
556084
7677037
4830907
3446656
6387868
4572680
9726882
5661443
6310409
2747992
3909664
2289084
3180028
6738238
4000806
5569862
1225218
9522869
823452
1139276
6153827
4027106
5685310
2880395
6342265
6129986
5766209
761363
3585276
6663847
5253058
8786390
1116835
3310456
2545901
8425429
6015812
9802592
7037831
1015433
6326687
184679
1153443
7611380
1344213
6507538
8939310
6195086
1357299
4654922
8732424
9201293
6613662
2419407
6579173
6632476
1867269
3406901
495281