51582
538690
198808
403799
919849
455343
52435
846844
575738
1839
63243
165717
282806
54897
184609
331857
175048
924442
514364
668497
727020
839544
352399
388798
335414
300115
44223
247060
813006
605706
903626
927514
119415
325202
619740
945795
700517
514077
984748
616544
787856
847646
15885
659323
10443
562130
921180
616936
294166
897626
932440
655316
120580
377604
678382
188180
720100
334770
214796
119679
127901
660013
359517
713043
910929
143818
341165
788538
426193
864553
740138
101485
395132
744713
603126
723823
26800
548302
405556
900795
544197
728306
455001
757235
817733
69790
63264
81443
333867
217988
335360
837548
244906
727170
168117
464431
947203
832869
307871
846827
187677
806082
163398
112225
40606
588161
570042
252036
165288
388343
541539
620854
463824
278694
449409
492232
710336
418837
60580
555782
725634
300213
878065
816177
93062
147513
196021
319353
451010
300412
809776
943603
507860
807106
786995
861110
727187
539102
16684
204764
906330
920696
624953
50847
369526
466182
588400
619928
266694
224261
204875
281504
527717
167408
373529
229412
166443
591543
352429
158937
954414
962588
325600
832560
724703
480799
759845
904586
535614
139742
290145
120047
181763
801796
702947
460514
550926
187175
455128
83287
484413
139185
280821
873716
252336
198601
586995
418016
665336
631914
278357
736136
914847
957229
947745
511869
846588
387830
255740
285748
714482
696910
468565
677119
140288
723714
948919
51458
28615
80656
636980
676092
988085
602166
431276
119696
703068
235713
968824
54340
253673
828157
932135
604046
116603
363403
752414
8742
840590
531552
165477
485018
251137
356937
590810
331299
664087
239868
245595
551470
740237
894739
708218
349298
436415
127845
236364
216081
506363
615671
602199
131264
628221
745606
402027
377686
69194
600948
968966
925585
17278
48356
277211
729021
772864
350577
533772
665401
274413
958326
191140
917795
623873
239457
785979
442492
574660
4573
985134
870478
30142
903692
191166
89259
479198
143316
286499
673280
174018
182210
51790
775443
816221
392239
413800
947354
512997
731440
252854
701758
892284
996587
707210
636035
134904
300644
909131
428619
485039
46731
153488
150688
467150
959207
987250
57895
774266
375154
190833
372801
135353
228015
142861
201124
206338
396456
114061
678988
260944
682069
429240
51596
775146
381586
753233
782269
649258
593095
650642
710654
58681
204343
508448
694768
39132
369665
748418
302662
43300
543683
88535
472979
577788
970451
805244
256744
667099
685987
572351
667095
595207
904812
196439
875356
863210
825119
76976
900616
412704
696192
497865
895986
649206
361512
540211
288609
287647
600621
89677
478379
738486
84526
958711
932154
397747
631060
18571
468952
720019
857054
23394
318805
391498
225792
76403
757313
16810
923143
976292
706953
657066
7094
76147
349274
300450
121814
742391
190160
802425
892716
27423
99493
147384
147980
166863
455392
737730
309435
764664
78986
553531
157511
836709
559572
1670
636866
284622
260202
488622
728554
442609
478993
587661
735530
584328
737962
526955
215059
421352
793408
466917
553224
753013
150455
147261
124787
379781
743561
940527
909539
16551
492373
766521
940891
448971
72837
209756
175753
59300
205518
101620
692926
283957
929426
328242
452919
743016
385959
364861
926907
805888
182269
620649
373778
231107
399097
837454
802081
352059
688489
238134
308073
339567
206348
730745
354492
868417
961582
689484
944168
656575
644117
370238
947552
494770
710806
686598
156565
68713
488148
774107
101305
813327
677664
848615
741307
593395
651521
392565
555323
167869
959925
706928
818001
980131
754623
505805
9505
207133
379613
972288
737684
316987
280455
425648
423623
402830
764063
350334
132676
606140
755980
812809
305184
951599
601372
710539
48
127844
26376
386788
991617
53863
843090
183595
289221
862550
993004
81690
262952
386396
860581
122526
733832
891730
483345
295098
691146
952912
446674
719691
27985
576211
273551
561956
734337
332572
372313
406738
499950
811827
457253
704122
140360
811114
891343
727398
8197
981665
916282
818670
615002
499851
697916
678090
72474
146294
258084
822321
583699
644740
788052
596860
510145
525762
435033
782947
948425
40707
291120
452379
967502
256568
860994
669772
305606
110654
315305
988634
290462
964900
368746
290328
268494
673099
845476
503278
154571
927195
247649
342305
32292
355341
287771
398762
748699
721506
116862
429761
376247
661983
750177
917771
295526
462433
391576
552277
555620
556743
795929
804772
624043
801676
565067
899802
962868
65385
823645
605183
337192
22777
305961
158622
431933
416892
509194
922088
573641
771987
933818
143791
571584
26290
992698
581713
999524
155929
921365
775071
796247
940415
881689
781544
521492
524880
578320
95747
416454
373559
394635
567283
739164
935607
878035
564024
665440
795862
543575
212389
986386
187979
196644
172835
881147
63453
836810
109574
657835
54740
408085
409940
90487
44717
30511
68142
526666
312597
237711
958213
41848
773581
334204
541780
800603
6141
969036
716925
639227
474206
109641
376828
200142
925912
38278
341270
683571
901103
186134
773210
287814
49187
505825
766499
920063
341772
376535
630063
930874
908956
931586
710765
341307
796233
609676
153553
805514
660544
573580
676661
500183
113813
559645
42952
240541
285525
131100
545440
52252
279511
929814
202821
298061
69313
528581
898261
861594
568410
954844
981006
520944
301618
363983
528117
582317
872807
787407
618310
331943
885609
730074
497531
369726
774734
412628
710020
108405
657531
965108
258384
943208
497087
368771
88001
287034
184695
949460
847651
501939
864903
201774
517378
167320
78496
498041
666724
108265
831957
394627
852724
497664
8061
787149
113785
317498
524936
738420
51041
51941
794310
292672
664143
16711
800621
138592
121612
547870
376047
233794
708364
241009
908093
664373
618346
94600
58947
545564
724619
448422
22212
312307
39744
883301
540371
388276
801813
325260
578126
442650
100639
917913
619746
671743
340786
449993
721748
881080
726648
995252
571447
535432
277518
1184
25452
280240
310765
234032
594422
829489
713483
54012
746809
403228
658208
911289
367280
10142
804536
779848
483892
847729
368986
777134
202659
605662
614180
217071
64148
130707
714917
101081
745103
809697
222142
785037
209770
748296
707249
215264
930622
535999
91441
68946
86857
375180
462180
192091
603372
226154
344399
367005
222743
94050
615191
819690
785436
802253
522249
542068
821677
707889
254913
240141
95255
58463
15760
65525
969368
506606
272870
515485
202659
756537
979851
338507
645262
780400
192427
302707
896371
82360
348966
250661
260261
479729
723132
550847
368245
257500
143573
164181
480687
156684
388606
669022
290294
483249
140203
87497
189416
441208
124642
720193
735885
402116
112925
692590
878664
106904
568442
4968
171090
482954
326272
259589
207847
562268
779515
363424
131130
658998
735816
320467
516649
418932
180089
278224
12716
913896
577630
571585
399746
362601
378447
356577
227334
514169
196405
280890
963810
390218
555606
135477
58504
858693
906076
652148
760813
21429
305634
413853
736630
166613
92226
21933
107866
550374
273956
903320
40689
823601
522789
529952
510986
463370
563175
32050
161382
962760
406676
661676
660571
967038
500981
466159
317297
742983
408329
570728
742347
689694
887474
623737
373398
325923
699915
144230
742759
463762
397041
953848
731687
930762
632619
568676
343182
638926
139979
7987
884385
752410
279811
605648
937797
480509
660547
686845
343730
295873
3513
145205
595890
942952
336246
933089
914156
983803
483229
448894
660800
447970
255237
213338
873928
233883
327829
372535
108586
683127
253312
277889
398257
291171
907214
254764
967901
941959
636110
463881
670270
582983
534128
409639
125686
512089
437089
950224
813729
666633
356423
43151
266921
22342
473799
502602
313022
644605
136511
334368
733990
148318
473673
672668
310886
571815
761231
335894
818183
987320
561688
934772
213608
62951
999962
970536
492526
857075
149456
233184
514687
827044
76529
580591
317245
6572
787181
552551
612310
398561
543249
488044
803869
156784
739509
33635
809015
116991
693640
234894
191122
243506
41946
839898
302764
386470
535770
529096
503034
677422
716995
39299
184037
442752
538925
608431
788063
197263
700740
130796
329588
21987
472165
675343
137544
906839
536286
716524
596518
660980
337731
87676
772300
628693
719203
658724
292429
999218
523232
333881
775896
888801
365791
928811
283876
490360
507842
105026
934148
323331
702906
351998
656866
146020
743118
36855
353340
615171
376039
693353
490254
409590
947622
85102
649469
613540
724100
415598
763917
239545
346880
64802
171895
222743
642575
704710
564250
729882
595996
944150
16191
775464
108565
422405
121731
148045
324960
380446
955131
171465
401575
698811
507463
808589
917854
300249
871808
282914
281860
180125
175149
435706
429656
266746
169996
195047
187619
266586
952990
795168
362407
446055
402321
380728
889633
570602
446154
330736
924268
284549
514878
565482
195761
534459
561288
111598
249334
503392
246729
185167
72599
819589
352005
884519
555577
20134
606554
200414
560887
885245
925478
471135
406150
998685
264206
886485
927851
588461
301030
799480
833223
198337
819707
750274
398043
505917
722061
544665
841619
295333
821503
284164
83333
302818
135269
653540
552669
825379
5620
722992
350180
248998
165977
289038
59698
918841
782002
762472
26896
978528
870814
113509
560020
372042
659569
279715
180548
889215
563179
178958
268961
81797
854894
791023
337773
174819
480060
159867
732948
634299
655556
41517
960413
207676
949397
81486
514269
349567
11788
790972
853898
652975
747575
646350
207181
494506
31020
988455
196268
445415
643624
332556
131244
718164
515570
185981
398025
188185
638831
525759
306521
684961
563960
255325
9029
927141
824960
488641
11758
806195
426580
845489
573541
291987
191646
569332
566992
11176
543474
948047
568296
192139
397563
242796
4549
86156
331047
81203
719410
605589
829776
958929
579791
951534
942733
274293
748577
312184
406025
968228
243286
572138
332493
466514
218964
136303
983363
227355
835565
956858
361480
559148
418025
381528
739737
496544
485696
463002
105592
144547
901027
567814
142466
179495
638130
287545
224759
52566
213211
204253
690009
416543
643338
928984
562350
155173
133198
581216
766068
285111
43678
972409
478631
321256
292218
160851
496000
286686
188137
287622
326951
55745
57259
393057
133485
785254
100414
208976
53579
563188
939944
670490
996237
847456
573425
578192
547612
115666
122235
754854
448738
492441
48510
825514
198464
947247
663341
365431
376221
874082
983252
57971
700139
247492
175182
199578
575619
472984
881689
156878
814573
449233
897023
889821
20859
760906
324890
518667
697603
223472
567393
299953
82295
989438
545166
748905
848316
806216
106203
893000
794917
222093
203444
655061
320467
334063
249012
352289
446277
374074
326890
902678
679862
889836
789778
591184
399973
939020
771082
640371
710501
895282
607946
54215
276633
638274
884659
32328
518515
79045
456227
863679
514747
635015
604627
951647
445415
945533
500346
188630
897226
356683
343244
5634
654664
532886
468419
276709
261972
699881
462033
212158
189142
641762
18377
158401
392641
642940
730104
373534
542736
95557
751445
848697
436457
801884
886446
479198
9137
736571
730607
252430
217387
346845
820682
582668
137078
113555
438882
776735
497389
82059
748927
294652
745297
499662
443129
982549
178285
458292
431812
439970
94343
762328
175124
718991
577235
324564
193464
882688
110551
314050
87807
61990
39156
777805
726081
480719
451250
153590
295847
694510
598687
675062
469438
842024
690448
482537
101777
462790
439301
748093
601555
236032
123889
567946
383557
854478
445659
680034
42445
422923
793601
155506
46799
121794
492440
927851
463135
117373
256143
574079
905757
449246
980574
838278
258079
564220
514906
123361
7306
377130
797273
424104
11917
967744
591464
427220
337265
163721
536263
888388
830218
905961
610354
723900
150439
977026
703692
725378
5122
175190
164112
567990
962969
399406
322636
986317
298222
469784
472049
861577
243882
497002
431151
911570
242184
622708
442005
255011
414171
870352
15527
368429
774122
708267
582914
727298
920410
40898
530773
249432
456767
895447
181566
493319
442194
15259
791059
416932
954514
116172
892748
773071
833980
770293
988975
298967
965864
934659
933224
145015
911375
743321
348445
79384
577498
399908
6946
632276
609034
312604
991692
938454
37283
564323
928890
797406
230324
646577
70605
319210
299098
736282
966232
669588
376634
483105
314999
737496
642788
955350
530799
800730
658351
127108
185514
155267
783789
882708
734835
456846
301746
300041
990456
906789
383201
62291
282196
972161
672014
975351
598358
358090
404965
16606
766059
959441
282796
886722
335561
605202
598022
103707
617774
128610
204815
336421
426422
354838
28677
999782
749464
711093
29446
835920
413969
883504
968860
426704
276354
355899
331248
799705
550437
896471
248390
219721
135192
341567
928791
399642
868957
556968
472178
522606
678933
673780
205578
463337
176128
404446
122287
753274
210683
676305
621313
185821
820141
47120
857446
405691
245096
611750
215352
249153
213511
655697
342860
898531
893431
7379
664094
887174
649064
94810
402499
868490
949035
859257
467323
38139
372183
889898
307941
995422
164183
22699
299967
192816
22380
152689
916672
414412
931656
358372
717485
311971
251767
433067
176343
772403
315936
163351
251845
872849
131587
199407
376825
842866
713027
945202
147356
669607
229479
564688
962121
136992
63494
360619
1127
619140
461258
938442
751035
593093
236125
889467
260323
629561
596991
483685
313518
550152
163177
280611
997829
489378
230996
276259
405956
149092
876360
640893
86317
644720
998450
855824
686654
702486
831875
79092
627306
97170
749057
843224
150387
942479
265119
46456
516458
355676
929380
416284
308553
190708
841827
564344
818393
998554
302074
333957
597769
435795
380664
793938
408834
842845
436546
196786
725954
572907
644704
347762
466786
851764
708518
251658
267545
629341
467296
594144
459211
562397
668283
373426
790861
566685
397256
243392
62985
251276
204707
231830
184915
150283
71602
833631
358321
863784
243176
437016
30487
495857
602387
301015
189628
210253
664921
754954
779971
663022
713909
566867
402396
337792
358673
838492
566991
776493
284865
249962
868697
329379
997758
439708
455582
550985
882799
697090
364762
733193
242575
776163
462307
490674
446915
151344
679362
395322
983357
317698
891307
420930
531807
834752
825109
343085
470630
67950
46788
440551
455456
193104
24309
779755
686214
60782
190308
268111
177223
527074
645506
29679
556882
276281
941008
258501
936241
419204
861724
97671
794614
540750
853131
746416
986397
813591
405554
405902
491063
649602
241879
318951
304255
324079
984293
947519
179126
37323
398243
961890
788350
137666
534559
844248
427768
187964
549604
405288
934090
814216
992932
822793
600840
106012
968927
89558
55218
911830
413788
963722
484053
892476
393593
262345
489941
299152
249799
359967
370897
892481
872133
836982
490814
640474
169602
792683
237803
651759
338039
198406
154956
328856
823672
791457
564220
476472
383682
916283
657328
909836
390266
658430
811712
584244
218171
495308
242561
123389
852528
845456
364715
511952
214144
765423
868012
122967
198612
284055
786031
210135
932171
731278
48757
861313
876161
103332
658348
734142
874706
143070
648217
292312
237804
863737
453773
423842
572401
198665
757106
538238
487978
682401
874811
687288
537270
9892
729889
763803
412347
335931
659006
326793
573520
119561
470150
82544
513411
793156
756347
900498
544027
644476
438735
958943
680529
67731
961429
403515
444420
937942
285262
946698
998621
470414
166180
456528
212404
899033
205204
724977
638574
115612
63114
704862
530294
238772
72582
713148
294629
581876
824704
539313
479030
637314
578727
854763
183538
267725
760977
793696
608315
773590
225056
437959
938475
945131
664927
966939
905321
479245
227000
966356
932523
663686
503903
349655
476973
178800
79463
499528
465738
102545
51199
318900
243461
535100
549606
701175
517427
22546
830726
31981
416851
366194
323006
237888
940370
493179
761446
617147
361040
561864
163051
147330
72525
342614
922950
360018
603951
594048
990558
77868
723854
348462
676635
612246
311797
327164
720563
210667
410839
567309
966301
677402
485253
591196
692882
887880
140972
617947
535155
290767
905307
9375
8023
811891
528300
148417
314284
333460
36639
738336
922164
408090
829442
207499
590873
757209
867922
133304
834121
503363
8118
661262
355319
686989
352760
730540
139451
20501
960073
132409
10181
91211
79978
624687
732081
63147
348915
832440
213955
128018
855299
43845
616093
654977
463603
580231
586859
870476
967
171128
601232
141920
497678
994129
815300
497601
125848
723958
134801
483524
199990
428434
954446
73000
755164
489191
191275
477904
538260
40953
23608
847590
483450
496341
313063
483883
371559
286004
678817
587110
448824
199066
140141
416701
259431
5055
196992
351801
48511
425516
900904
39750
53605
492218
940533
794127
193077
84445
658712
411332
452089
752836
753029
436338
200977
924157
552528
371179
648849
559437
284932
246373
930849
873346
901130
63822
571862
387181
973696
340044
866539
531987
224426
546979
416852
152586
937968
789870
478288
109368
435512
315469
241617
728913
236685
22248
20188
885438
394729
716480
67476
777470
690438
245146
412781
19517
557867
280889
456246
765602
923311
789695
780835
185724
701166
83850
824268
89256
106949
712484
928257
990790
103914
427851
385889
257409
718466
479535
598386
981645
786437
85212
33039
755276
12134
587353
480178
570479
65152
122172
285734
670629
243764
258079
634211
609914
867246
334810
212090
123149
391887
88866
894444
626776
792810
733054
876104
469048
488499
712905
364699
801489
969603
379806
363931
823265
885070
435645
347805
813726
140386
199260
63734
928448
653556
497978
722938
175543
73481
931404
382752
218733
624163
818666
246789
644803
150600
986572
738249
704045
87200
607876
658753
307813
182887
772502
250202
930341
487617
491822
834181
245480
102713
22051
368994
696477
954917
365859
937284
413896
99675
522535
646827
580259
303095
952289
43123
887493
164712
5715
520507
440507
807689
138693
55737
641451
371757
788722
711830
472156
321757
854690
175873
4781
619418
507339
576642
214245
490036
453078
753067
298119
486793
131244
743694
416222
243757
912607
775322
470385
180846
382191
211343
921346
524619
938970
325685
196549
867418
943168
601004
555534
500453
609292
773874
790050
926188
787353
517489
873169
140498
820430
57077
391867
844235
557582
453755
815834
193280
212197
406081
64600
138721
532883
202752
604114
146364
604478
142830
686599
440193
79330
895890
705795
676651
407971
477124
495238
285074
541356
375716
820581
320083
463961
686652
868018
370851
565376
941371
11782
908514
42821
230527
848041
572434
647048
867031
308332
262768
147444
368809
574336
715738
598831
324367
538486
406510
867452
198580
93655
932327
201309
597104
832823
335870
141698
584103
877837
817834
171452
526295
454892
1045
575070
398795
171710
868536
465375
91586
25041
893180
865902
500705
945664
308588
792856
96603
441684
133327
13359
263087
571806
394974
113318
170560
202174
202378
280130
7650
597288
855536
803425
566376
220418
966827
576087
983060
789705
506666
373355
418285
35935
323416
721415
750022
615482
927361
762988
900076
446715
575284
159875
394386
501812
907529
41700
483913
618669
806615
688097
367098
283722
321971
229689
520550
899736
694982
826110
583416
877414
384764
72493
950686
979109
603775
915089
663274
576745
92271
695341
441982
723570
820907
80654
538222
953905
875236
428591
329530
795857
533031
954475
795506
490205
242198
102043
260850
81608
92928
686379
215619
457320
20807
24390
259903
974661
210852
354750
448369
77973
22466
780323
923946
882370
676943
264527
218281
712330
294983
737265
810851
568740
821745
768505
148500
729723
529070
616132
478274
46676
498621
872701
968622
61682
195754
143979
497678
469107
930910
611557
51805
899681
297776
623035
239890
317920
885513
252097
823645
969057
713162
472804
564650
526284
292918
487161
275002
76185
815339
318363
136647
674499
70232
204990
732200
869132
669149
152486
347068
815576
533761
852419
681717
434662
293617
66112
985456
152746
592744
366997
911977
460912
7221
161358
714277
463631
287542
810941
232611
292447
494809
339447
19101
27602
338532
408218
396355
90347
694995
411857
913907
252129
641700
435644
881506
483855
441343
378483
215826
64450
644483
663958
602876
583909
970687
298762
371723
468248
376748
524840
284442
828928
583442
981023
596918
836809
371994
396867
195444
524177
342019
979181
816179
179763
817936
421431
660405
721058
958076
245099
35284
481891
536144
344710
565748
63385
978596
666719
553060
574051
982519
214422
728037
332235
984148
309145
496894
783132
649015
641340
226558
269176
656232
478479
937569
481567
414114
956080
554259
499965
231473
642684
724819
876959
972417
351591
494220
225710
603201
858734
945440
3637
220897
560500
356824
872694
620055
308987
891140
934416
280524
419445
568675
918796
980841
918092
647098
495611
450840
252275
614705
488772
382958
438923
275476
399729
734430
269854
216478
561097
773258
180723
684070
351915
816687
584426
295573
341170
411827
776184
13407
828657
558895
871825
9403
149741
776255
987995
673954
15467
667234
351506
655836
732891
620006
98888
354362
135379
723458
516753
591970
204183
952157
558567
405309
83125
784508
779872
434246
273446
373646
215797
376008
872719
17437
24008
268120
812029
555253
747939
870496
978803
148116
112111
656921
11251
519570
750213
490217
256546
735865
169989
370118
83803
96427
318715
800689
834035
876364
685976
156287
466210
252405
261003
749238
476637
780749
651525
446831
631445
20118
767891
938028
527134
138153
647652
702629
227125
177627
987084
54814
470256
328742
775656
749454
442011
105894
543979
591860
242932
861029
246456
682358
622271
407784
993835
575554
159519
14767
315095
159377
529130
997653
80601
971739
162608
207362
65241
941559
133734
99222
221698
671485
42396
158566
888128
540331
772003
237515
283223
197222
297616
459762
680751
990624
912093
426345
972778
124592
570286
203595
850773
410322
103821
86745
910831
314491
398407
522327
546388
869633
564377
868194
358816
504986
535603
111741
289426
544637
936193
39718
489236
877660
248857
394225
617030
206678
104100
683880
682986
119597
144445
71041
713404
452240
89676
157836
426550
547318
735319
182903
91904
357755
54632
294336
616973
802906
614350
886419
406343
611427
463214
962174
343605
344083
641991
895376
930367
799575
36863
750284
944228
274530
243868
721270
873688
48054
357793
281493
781373
235634
445149
328842
689281
395348
635905
707863
340753
403892
312980
538688
974722
185752
668909
6132
771303
260430
345406
730749
410838
182390
568144
521388
848016
517188
840436
56729
925614
567732
527188
830377
47690
843772
711706
36071
178477
978878
943562
113322
870801
751781
769388
556005
946205
711099
900615
477605
165034
546251
414878
667223
806757
587342
267848
173015
923835
488227
625919
530507
397718
454519
72141
494119
892815
292019
286230
597555
685878
537519
354369
344611
465742
315526
158088
169533
979287
399803
931643
879036
617815
21170
525852
405021
867278
685422
979194
855336
136289
515470
159356
774418
977017
208561
701842
711975
777184
831735
101152
376119
577841
476987
911890
130731
651670
419125
666268
965073
89637
524964
531848
409926
378837
475958
583911
951473
373482
604632
966941
708711
355208
100556
684357
247932
436827
401515
476435
273397
851243
849438
315698
901418
776507
509835
743977
945116
60771
506793
916556
617539
835793
574361
90427
727510
4101
352736
962891
146838
184740
347607
414964
672057
247083
999811
669860
356270
607142
815826
266191
141688
322014
992465
946160
402111
899362
710243
589437
608893
127631
211112
743869
647185
544061
864130
866862
338155
681713
91319
975018
457107
714565
110465
171622
911478
108632
41883
166395
431515
755983
811407
126848
685104
151083
775651
280762
77797
836054
765451
756782
29192
732767
494742
683525
926917
999646
850459
355327
531503
890296
90971
965379
207850
939670
764281
811736
88456
229071
969711
52831
489142
252222
78374
935260
950382
796356
385804
208874
494800
320218
258607
313334
66703
16504
311390
709143
130272
22606
948720
817380
95439
673114
823613
971271
582794
772240
682697
335796
450573
177282
822843
397620
446584
781153
765612
843534
320183
669162
277318
586129
622038
505572
214762
782337
641061
46390
345939
201606
385721
311873
376551
862621
419333
943281
531206
130883
285832
88701
36167
662298
431694
891396
646345
631547
251811
279841
107630
811381
700375
979309
554151
789997
802820
30637
246221
300026
872714
283623
924689
545955
846972
7580
966075
275935
325750
103424
402582
219771
493212
495704
600658
342329
725387
232245
763974
72020
329798
716415
438288
795975
963952
659039
185004
954400
501128
278145
154458
739720
373371
621538
321367
971964
844770
298191
762235
231819
444596
825347
452345
141619
717710
378245
752504
283042
108885
251800
385147
386593
571367
169172
723477
266449
643012
853643
470646
222398
17690
153752
36425
39865
808061
94964
767455
317766
982137
278658
246884
71136
60479
665578
188591
614061
377023
697116
862010
634738
982201
998883
431812
217127
193153
821858
381050
87457
454688
962095
633228
615447
214401
866172
67719
292988
764771
902410
453191
80072
74199
240692
144552
697863
424696
695537
588132
607146
109252
39236
893525
142348
863552
805961
542607
872760
545733
704726
545221
415184
438536
57537
913938
447038
202460
271482
177736
56625
455190
902224
117668
229917
229935
538431
57387
871411
41748
952138
194029
637363
70612
595015
37088
806166
452238
894969
19699
518837
135637
524827
402740
360753
837993
640822
279520
106843
872544
451366
191177
172955
40722
490921
230681
281759
815539
985761
816285
429407
237929
18189
628796
42735
230896
920383
394489
565533
866071
443186
756148
132199
136587
50244
599431
622513
971297
43084
146715
865458
411965
751082
172017
109560
814658
807639
607475
950692
767208
156864
29894
312423
83665
644764
572218
93332
797253
84891
858471
847362
865787
216342
422607
182283
330492
968945
994960
448692
787098
760302
881977
480457
952390
246988
219416
27300
537659
650502
499767
797946
603290
115716
778361
94202
757354
721158
676228
54054
917964
596405
294957
668570
913017
766047
23153
576431
426707
479282
929682
26141
281470
948980
432823
541648
597015
762717
210983
571732
957544
631602
358905
54458
720287
882684
13932
618006
375615
917246
807907
486422
98126
281270
150601
859786
621087
109580
57966
864485
188786
960127
537167
405678
717909
506465
291394
714792
83830
225229
899597
336889
69906
521398
182870
291756
932031
191274
403309
676481
732850
43719
973359
662915
193809
806632
628430
252015
990692
77391
885563
177354
427257
734255
228681
795616
815070
728342
619729
870042
696761
806795
289342
79403
392441
710063
217468
797065
196004
879251
596131
154061
712372
429288
90541
968004
662537
835859
245260
907515
803968
159480
471574
543567
814281
291499
352851
120565
209788
710099
753634
338645
994910
155746
594054
920784
656758
733224
982810
131159
735777
978794
828022
267604
417273
472677
885367
757501
110872
619839
495671
608507
984305
623213
856671
947942
881883
481712
758673
471961
809183
405679
723633
30172
30084
637991
264894
401694
660161
67349
674154
448704
156533
602613
628718
605371
295552
331158
515578
130669
335137
900172
203652
932130
215206
297124
555680
614176
532319
857535
390300
57888
518233
611009
978158
551910
680693
950813
836656
299607
164816
373337
724796
303821
354861
478267
234099
394396
334788
700291
740662
220650
240164
134170
725260
118877
521501
96968
67587
434630
279216
677671
15590
540176
733282
455772
726346
76593
648331
859467
446791
887158
515457
159773
301431
178461
843980
208944
682593
538358
202608
136775
953190
251480
10371
314791
507207
703716
776300
732221
289537
886096
532874
497773
767811
552120
472651
984383
403648
740639
846729
399470
738482
759806
803516
310648
261981
324813
45045
914845
576111
404613
554693
314969
225041
293511
580717
54527
338546
607004
847092
332311
838228
236799
224628
418710
121784
500089
120116
616104
565551
708116
551511
994666
869031
510202
710599
859647
542432
229007
469369
151139
954998
59490
257571
674555
922063
490553
927425
333151
328134
967786
780736
596850
383341
155720
359932
571783
210374
260893
633052
30880
543557
673160
465277
877173
17436
970212
12016
17649
394548
242015
511085
142091
291386
731056
840732
275466
721898
735006
173894
454556
797134
652142
447115
616901
486812
619566
52570
713743
713892
320194
8126
610625
849913
992197
655960
654004
574692
14792
636091
788753
735395
975555
111109
492617
341873
212217
204458
9124
377514
796260
774450
611351
269417
222247
310897
670114
431580
577445
162215
516443
41515
24271
79171
152745
683497
989026
116258
110189
240632
331040
371435
402907
626379
501400
640848
151831
299107
457242
418684
94831
769905
820827
410988
828434
394827
476262
867415
785867
876780
744665
107159
492138
309426
528978
831324
351672
585756
238313
944646
696254
280217
643299
955070
153754
926215
447957
52055
608479
633863
249556
727428
818254
397528
589495
276930
499891
980334
310169
847425
306316
227777
149677
542889
152390
267375
613781
899518
76948
977416
129220
514495
951495
533033
1865
348104
307520
944528
571131
711550
160479
886045
938480
429102
636402
732324
807743
107732
104119
125519
525713
999298
130403
652220
302571
693604
782604
160949
883115
780870
731208
569441
217158
81324
426264
90285
321218
203969
363916
370229
648869
502489
279061
43189
87472
721245
734651
311054
946135
722820
701895
232173
970699
184615
996877
215951
283899
316565
565621
591984
612960
243898
643098
211066
873870
880162
869518
391346
947893
810959
638055
235586
10798
484567
49198
662258
172633
641822
793613
126638
556712
695197
324126
335968
625639
683278
19346
88138
927963
629126
589340
607309
314169
479199
841009
769882
179866
365670
505976
167002
655368
872199
345778
366688
906278
298621
436711
622083
468743
504651
173732
164100
577288
938872
650118
110973
554128
402815
650334
910649
408220
398722
520691
66030
305108
559526
384016
604115
386455
289753
621492
46627
560527
936473
457150
86298
426546
455620
137104
768256
191737
523884
601048
658899
383904
953694
410778
954097
145385
837644
940670
980366
529763
220850
587934
674310
835376
800950
275878
71456
480994
711001
469314
937836
32984
109371
260223
394398
868613
307885
865080
604411
137557
724381
451245
15779
183469
738752
457592
67526
162055
262127
516146
402789
864413
573620
554157
21933
753574
289395
825433
259403
281594
9283
944743
128121
376424
485532
178329
629009
960064
688873
167999
722059
709483
880832
825286
991396
764332
670259
291967
81590
880166
504885
298573
423571
894227
859609
817279
359315
139306
883962
529307
521936
571444
705538
11455
345732
793676
487233
909216
317833
164205
350879
536819
200534
57802
622840
617641
919463
803297
768262
860713
810547
37402
27731
357333
813009
355225
481493
560882
359268
144713
952257
679194
857593
964401
933375
582789
708786
544964
378072
994677
660105
550137
422565
148383
903157
150667
428472
439027
957159
232274
517357
435667
145992
699688
121949
206181
429190
361058
521889
251209
369207
324213
71956
268932
580819
618030
339865
470014
415901
764018
646392
357788
318618
703640
275110
193508
778568
340081
827176
311940
611091
898355
294948
855307
951237
35174
576014
697875
101990
261830
786577
877994
754787
345664
20012
599976
34028
431067
50801
69002
797985
51489
593758
168991
752299
91240
46900
536958
822747
196403
164657
586435
25387
100623
458676
100106
581616
144254
356351
601866
411334
946684
565845
39894
667509
113379
82505
931552
489766
599646
916918
47388
905169
406792
150558
867827
226727
39697
36922
910933
610663
454086
795481
632575
116480
174565
416077
725035
549553
188773
572017
98174
758265
780076
627557
577961
849986
272094
383118
570397
784968
182940
380164
91618
764425
213267
699881
148140
415524
666974
769428
674953
267967
739108
558683
207551
631283
494372
449010
198023
361500
658747
192058
158920
497206
355673
598814
755453
954087
765071
432932
463316
498333
915567
28519
228007
28489
518157
933484
549248
23780
325777
312019
97542
835246
757527
85204
45762
937330
261179
686522
774480
772575
681137
870201
772676
68296
338182
9776
955128
683242
723672
763712
92667
180727
731383
495817
12822
414175
320997
609386
67417
323314
540508
749911
735825
376605
62752
419987
981413
995566
342831
252447
404053
647165
388513
892298
862249
675808
404150
452260
769331
547535
197115
663818
57486
578397
350480
512059
801057
12930
392889
299166
987223
608764
944001
10512
449920
368513
634777
832072
850963
342808
406238
269944
722236
972878
467894
916749
679368
75281
397476
433431
44663
405199
328087
130942
750407
876941
977461
894634
995056
830678
844169
529362
995736
954757
671654
793875
240208
778822
587929
696488
189883
455565
76960
861864
29062
307305
748772
172745
923759
935176
799857
692609
156864
41323
841753
820835
730811
358255
463994
947467
171971
500511
370345
571842
615312
237700
302911
830589
537922
456881
276275
936369
359612
875210
77032
362712
637594
911670
165306
772012
520343
172342
337374
138904
17019
16808
660472
557504
216499
115866
301839
742040
839781
211517
392862
8562
392082
488745
470552
610440
745387
112044
995670
289161
419639
557692
423718
542146
925775
457647
73396
586953
250261
664337
147800
195940
817510
47070
948858
553910
364773
322255
626457
508437
134604
750398
897710
655401
909533
619970
113651
409539
850012
894040
655913
285695
285438
688718
906096
558250
855360
361433
266802
181605
846940
255299
778670
324047
356109
714737
872886
195768
675385
247106
463388
737320
997964
761570
669898
68219
285698
1439
882029
658521
753348
144117
828883
312614
982573
830933
705729
171314
267931
385895
705703
221775
492328
636039
987461
665232
628983
392355
448947
569729
550399
54122
320248
127010
507334
824353
420054
459671
502616
574504
423270
351455
735799
36877
91826
625285
922774
718884
5954
670563
646715
489363
540842
711274
386815
219491
143808
360718
49034
822936
462255
471054
669553
935175
114656
328478
34122
876320
37510
789019
518772
696808
942141
296042
980035
897454
153859
253047
555800
879987
45638
686145
177327
688648
732501
497715
500821
2322
499643
294919
935677
893082
690335
805914
190452
935669
723135
951016
911844
388764
761791
876120
545627
916816
346273
132418
753155
130853
73495
871873
192475
940849
651553
786131
591524
894824
771035
666171
970276
305031
344318
15199
896250
417343
475808
945168
645126
950932
403831
188677
581276
1985
580010
267293
483134
90562
966194
670226
867733
334383
890200
329284
225343
825178
398793
824732
932358
136024
653508
766714
500814
123626
54218
378335
730475
456279
923187
956524
758118
173617
53891
88612
62370
789125
159299
206287
683634
222944
417023
998087
823606
40251
659222
643263
323538
857645
927650
668733
477562
554511
191053
259230
757023
441038
706494
717729
85930
744637
172305
469790
56399
452750
104852
815917
474258
519416
208876
519646
568256
467295
722155
455436
978009
501695
662592
692069
338965
20162
797801
111410
687718
365889
383004
181204
341139
245240
425689
962261
709358
442841
243133
738929
319686
863920
357178
912822
669959
679227
251177
610737
233443
774333
801267
306239
942406
440440
982373
943487
167903
548301
794274
698822
874951
439261
769464
372788
989585
941211
188365
972497
383642
702323
719011
978741
120938
864375
698358
596251
826061
531907
826458
123045
975303
223501
991965
364274
620844
178322
614226
750594
696753
439673
902999
176142
278498
144357
798100
41817
512777
753670
693038
253663
957458
641362
981771
900048
143155
230867
925744
448580
90185
69598
280321
129301
198350
79753
937599
55686
302488
707691
2641
534902
374614
9403
303466
491997
608420
243905
376104
255182
579157
930606
260268
611709
178805
335874
809250
920037
402894
837848
177157
762702
668294
962647
720739
838696
658678
966820
450149
524316
779376
522598
76099
797476
280031
155309
661751
964570
127803
52413
870266
300958
651034
469619
721780
31546
126661
815779
491574
432757
275305
190647
188113
520477
729785
629516
188451
512801
27493
126913
815360
124843
625242
11099
450482
506882
766269
967885
476172
816712
586320
179442
153898
89730
2183
613524
357853
708265
903353
90673
596878
275444
836922
504869
854034
903423
622192
55481
724778
116536
787155
468955
919676
83489
533804
644234
221567
522887
644503
875031
66446
204893
704994
994303
139440
439739
210239
554696
597978
948624
278237
892743
249534
920672
865833
659056
945576
490011
256549
170601
319393
208907
880168
668337
946124
356186
340846
692256
785503
857841
415952
454526
534597
748979
901954
881123
392043
724639
605977
775971
416984
279561
69328
90160
56911
758458
793672
44445
128482
332371
660200
7512
347679
720186
990102
162796
742997
596346
834388
716681
616671
58158
334773
57638
961007
319831
209904
625349
303652
41832
196576
451632
576873
482668
51688
415098
318644
310157
791292
366723
660357
513352
693277
802671
432639
695517
305658
450784
240772
961607
664410
112457
689087
289530
520470
309536
82520
886713
768849
753595
257156
798994
836599
574815
145157
72676
768052
391079
75884
355174
948600
606107
903085
62815
651039
999917
891046
439931
785206
806920
134096
257040
993157
474116
277108
30275
51189
827364
769823
515319
571953
508115
920523
808960
637947
369128
699712
525504
164350
945514
363489
315280
722953
77268
225786
339409
152338
747792
896318
441192
797129
46100
741919
183734
699895
23645
86323
616080
961383
198208
535507
291831
519823
353574
997368
951729
418526
638347
396598
405158
884171
546438
571371
785358
751123
960727
236301
914374
21683
786554
714579
649517
769048
661069
87277
588378
678496
356825
905881
66084
428497
632073
425976
496387
981511
840950
154911
955769
953686
519674
965827
364213
626832
565044
563150
307604
127280
724245
688703
396077
568947
571664
479940
816647
304917
15291
609025
729545
196523
264065
896256
488069
813870
480992
393636
669451
205762
433611
287999
543640
632081
82302
465859
518597
172946
280883
194448
12033
38120
769258
332378
549428
380913
601343
135193
246381
751574
682337
124442
833602
98452
338597
998141
371283
558002
387867
274810
694310
442815
602357
916871
943514
476254
126631
510346
935222
99414
727971
211812
897373
160197
757796
207580
469082
368472
749477
497329
779521
823482
966790
516598
969369
90582
674381
699704
854215
352719
349679
64018
972253
312281
200222
258406
875427
630396
285294
177081
477467
834596
268543
190729
710892
321189
328087
427493
492935
243626
581292
392461
240324
883924
499044
487610
402917
547698
774066
15943
508887
443706
561866
945091
56759
256599
852503
556113
823749
499723
936530
459368
894344
610895
790849
129542
565142
93908
53847
682942
265704
557236
58011
211379
78087
790490
627630
100118
924656
68688
552654
773937
47234
677184
1110
654737
990160
536831
722911
300095
531636
815103
8977
395039
870706
188165
783118
289137
498261
693969
971036
693504
485187
259378
129634
445895
197851
119256
321640
911328
819076
964903
357780
993703
650575
112529
364079
504870
573672
441512
419811
592812
243055
689527
209442
487394
517484
695662
554912
957003
849509
453615
271521
485064
80100
927432
761112
291358
361584
176453
666114
241309
312340
593790
893983
508173
618619
707667
352972
38199
281721
452542
154104
121356
392342
802172
883906
627766
138391
457017
681830
468505
848287
476396
629542
102177
53519
394679
434472
717165
950639
319446
254055
145
883902
746182
460983
491809
298345
187083
450162
732833
113849
826895
282183
309811
75678
30493
516331
183814
729385
580747
27716
778650
706126
67116
861407
880939
819218
752377
716141
69211
201658
67799
788428
823103
369419
190892
848472
142068
594445
160493
879945
169197
33822
388128
983531
521092
394592
594169
486640
346545
149608
773829
503808
285748
560755
261175
253480
418888
803019
478632
562767
758383
652389
108472
934837
858139
74352
590948
328960
13875
304410
229212
825940
578279
147215
431994
692575
202908
234286
678737
909889
616404
4773
809516
998848
964861
203111
333210
117552
648831
862626
796367
552109
772699
412044
630372
872610
67761
87297
735512
805074
552400
644039
24706
98838
443509
813271
554071
202711
424590
881065
635331
86143
399907
235194
308137
522424
687862
580596
377243
577718
452126
352269
496053
674215
807981
815708
445897
30206
982072
827104
695767
110539
149739
308822
216677
750922
855444
782069
153870
480958
661010
36751
936600
560198
639205
578478
981041
166545
216950
184447
78250
459188
270789
68869
742872
905911
319876
527088
88806
223114
472279
666161
188192
370487
242349
386344
180042
447599
597530
101698
474005
128222
805601
837622
543068
803642
481334
159929
557372
405872
680792
106522
940650
870335
620838
703323
113822
249865
411278
459706
52525
231396
545705
99368
867940
104321
575699
208018
224203
336656
650166
256502
429867
626909
432138
91304
358378
123031
537483
512026
478324
638721
690338
154707
33284
53393
88799
10926
512189
884982
643307
410337
559733
330722
526501
794585
775498
680329
955239
972761
278964
347169
844211
728330
485884
169132
386359
242002
582790
312775
518454
283261
15980
185733
938511
333405
886208
724302
278207
999178
133830
188565
184167
969919
708125
288998
815072
933297
685283
113128
916501
4144
64959
580636
553904
12795
914124
498012
719738
253821
232483
485353
172420
875197
711906
342324
445331
405554
777160
225606
60719
744750
533842
85264
12396
550575
632178
996271
732772
924759
209564
65624
103753
693849
70564
894995
800137
466449
803423
495405
985121
249927
831189
528999
371350
211488
351571
8350
97896
212455
509516
620734
103644
358317
913324
395883
569782
751115
640691
928249
339049
225811
654560
115338
585400
983638
317241
474094
230790
44390
532620
999037
168081
30466
501277
532704
9141
352870
879008
132599
746959
819807
177364
503139
296781
403905
511240
398042
157818
496267
481126
998951
281590
377886
518918
489423
813664
447486
975063
937161
847905
77215
364913
504111
118074
793322
808147
825178
105421
497830
897356
226834
571585
741998
828227
739426
136
912429
40729
21066
19157
15962
572194
891808
624816
238764
466870
134008
496444
766072
417575
593263
54994
501958
861008
829026
856978
519429
630828
843069
174581
322687
955021
458085
611732
209536
732353
660997
385026
61563
557421
970236
961266
440364
106817
401606
882810
620352
198067
11774
205056
842304
459754
741643
416970
127264
915133
301796
725995
210314
739422
402875
583265
281059
442059
269939
859207
562911
329770
563855
501984
539617
686029
701804
237207
359195
718777
29377
241272
515675
85540
415271
168431
400234
927040
940686
645793
828906
544336
486257
311588
768016
485986
621330
65748
350232
992675
130890
875577
376983
314974
541316
344406
661343
869032
162356
693747
732853
119410
415271
229994
153360
114139
275982
238305
282289
46209
702467
872465
302078
881174
97027
552080
329370
32332
312770
107463
350664
207937
97897
350960
924575
176496
298567
932615
905675
105807
337897
838042
215246
789005
454286
156067
945553
745737
360648
562739
666728
613164
507703
505764
24126
150776
484776
460733
547635
797176
256233
484030
374973
662791
832390
661686
794274
595339
367003
209820
562891
691361
503604
479549
212256
674684
367
767021
955814
444156
870261
250192
637038
968956
308442
802145
514289
768408
353520
506519
4997
326330
831933
234955
345217
837992
485240
738595
277351
768506
410641
491528
877698
775573
681715
722010
952563
295332
725703
954317
160103
54571
618431
331418
396818
640964
213330
956152
321436
971692
472170
741725
668866
942528
665429
578882
806787
216531
699924
574558
855981
128361
579670
228799
114780
531584
368731
298004
758914
967409
174683
126118
811125
307373
718011
940357
915050
176770
338087
491519
289502
560482
740948
353676
821315
416367
880682
356995
889513
992332
629681
566015
750449
236666
759379
797529
505403
320442
501695
801620
855052
532913
331845
543097
547140
600665
737455
426201
484650
983009
795593
461377
80781
984901
67996
15612
512420
913070
919270
514225
790578
701020
649438
672079
256393
234361
532617
292119
700023
734713
46738
315173
809051
951530
591875
844980
528646
448452
262571
492360
261929
370670
407479
291289
621465
303581
876934
255506
973814
735684
532399
461187
214706
897889
840728
71963
60170
113429
598665
48939
20142
264217
21016
701525
738841
606114
804942
80774
516466
505414
193905
392938
761218
207156
642320
681698
832681
688406
916992
264688
369370
269346
637229
288805
300002
458172
347998
153453
204728
831497
592124
593697
117002
546504
255648
873674
131240
723400
312588
982518
301974
956131
120867
263735
823395
291476
234473
698782
248039
104896
609693
202851
886679
793689
544387
70525
889134
593978
263888
41670
401240
507909
288105
776994
527675
864957
114956
918181
320230
481941
449408
223219
467022
298499
449587
186218
43558
729771
743301
47667
369792
247820
77751
263164
668763
52077
537370
729233
727282
86248
674686
952679
390006
895098
130553
821315
873278
700705
808393
980402
866985
123472
684810
180030
38718
100720
754706
638669
44372
502476
699954
629699
406700
471231
350540
53456
256182
45761
444547
998355
375477
8738
489278
95150
855363
150079
347730
848400
401311
297586
371845
216230
379430
410037
146010
286869
583926
257790
756788
455696
275929
961422
197158
497935
963811
399343
886536
437600
171570
736855
399041
437437
16812
200876
254756
150334
454467
479108
81266
127910
718380
355728
759037
828596
14207
38823
829575
992706
975808
458608
889662
219991
941475
696204
651693
904745
921418
876204
273579
38111
24750
238940
398184
951889
790527
963112
112524
934885
114644
145212
971187
234608
350618
8316
93775
415525
326849
336088
734891
585038
119897
555335
368801
596460
708268
636235
501760
92248
157542
44255
596658
942762
89451
575709
630335
297762
955592
539171
474771
942117
915413
739439
853592
120653
84054
923859
319886
857548
174645
813561
204128
974601
802142
479880
998672
938140
871543
559775
457469
904357
12067
734408
417268
793842
395277
564487
55279
685701
102946
94250
360014
235998
222584
427378
808613
944176
709052
292159
206716
757031
774938
96131
591644
237671
613280
470313
380006
60325
394932
249497
847769
739954
122881
29429
847883
610720
389029
857831
768923
820672
199017
960337
932985
734478
130433
626173
84058
598051
152447
922361
499248
123391
37895
571382
494787
11367
168420
929338
531841
464000
383415
939628
126465
311767
85904
789847
337032
410666
774423
72467
527838
485172
66760
719690
451335
351839
256092
349606
242731
715324
3070
948295
218050
827340
328073
824535
867333
838623
986257
348250
660602
824998
458320
822086
654691
88729
854921
972486
888779
154728
832654
395408
548831
378104
722447
538940
85202
162443
378883
547704
652330
286657
677484
257511
71855
362502
478040
268181
47402
463716
470110
622842
54524
391373
735492
166608
346884
250351
516939
297968
59833
356135
857201
6862
329207
979343
665053
758383
480020
838852
218375
143358
275612
571473
621134
612004
98263
867688
546234
936872
134096
218384
654213
557985
499481
73440
315966
261598
703912
683793
625206
67647
769504
208838
864668
925097
496111
494781
515397
929860
660639
176590
297134
219424
709186
430204
110534
177764
890548
85533
51825
636288
284745
880763
90219
93500
798900
41970
8984
112706
291370
275159
178360
296956
64709
393497
172474
815075
326339
429924
707216
735345
242889
198532
483494
26668
64804
967584
326870
980554
48864
395402
908906
954641
905281
861647
51433
240297
8763
304208
75019
692220
9862
313077
372475
123323
601274
395232
455134
465440
946075
563182
896336
874482
98039
959910
991839
581569
460284
657248
591322
644410
584924
376502
367415
933656
775886
434784
686485
996547
679068
121136
704299
346637
784959
299981
669511
190061
513988
415761
872905
754818
930343
176852
668093
485220
683004
604949
303328
190127
678033
378180
929206
746558
890960
48546
877044
329263
689594
533722
996277
714926
292358
638191
589476
989664
434141
882958
974799
729636
339381
377993
49231
183183
846294
821347
513684
650260
13951
463394
277629
767452
685959
290270
597460
985006
83766
386674
483709
486478
322047
248817
747135
253868
905329
144443
708385
92552
354558
586153
966282
917449
106278
146813
89745
542589
5749
962539
851
917046
79032
974264
682927
681186
778834
484835
960328
433643
169362
689226
497417
527755
4318
457312
627816
68862
507938
648698
525903
889575
856082
140527
223984
332858
319796
637114
196277
896374
204100
119665
475785
660454
531917
137131
536368
963018
490671
590103
876217
682850
253189
115555
766468
306077
774849
946713
720154
388065
402654
467824
619506
130862
92296
716262
622421
318641
906288
502899
197545
797672
505966
951193
584273
802041
130734
935357
18429
467977
9140
941091
419253
569879
891797
781865
756223
76559
679086
757316
335719
70252
536442
959377
194702
45870
231951
574843
20809
899241
776103
828948
614414
461579
900575
363087
202811
851783
13018
512636
752110
8592
191286
218050
17704
541249
235788
613900
872278
939148
128602
903528
640332
602147
553489
895494
874866
681479
130660
83308
357594
891735
738352
567861
612752
250979
715786
326920
401034
674850
821236
545889
492578
784006
793009
502916
662282
93391
571227
931496
581854
19570
339143
894341
367755
610461
654593
609044
465636
478186
294573
340677
555972
255846
858615
27874
42733
783075
126338
616983
371251
646840
300529
526300
22988
171715
136608
433951
880386
814087
893040
897265
919983
19071
292292
761859
765438
960971
433574
986530
343921
347524
877804
837226
81294
408439
627209
231216
462400
123617
234652
298017
911469
366292
362403
861385
654505
68763
613535
503985
799044
262150
861484
874514
697662
627542
606666
329037
26268
451334
374516
474320
692579
138142
280168
174892
27978
305145
576476
139421
670015
897786
899281
892103
455438
523934
728603
914532
864916
356740
670142
698291
641089
466396
337410
717028
140166
974620
17098
4852
314274
150587
805666
634610
113318
191423
49604
288953
611668
813481
472776
936702
661743
78679
570217
798550
128196
524189
493723
663044
258449
955845
94217
604247
736279
969754
726582
468135
725030
662224
682895
52197
781818
773471
203182
577500
687104
5773
315740
363009
281104
961271
445385
549118
454907
345967
507591
758559
183575
77956
362427
419417
286433
838359
609199
838168
383157
937987
940792
207677
938330
694450
626288
484775
101795
561210
827740
888737
537788
177650
371369
752031
469615
726947
477523
553867
339200
5751
487068
964353
495295
913410
994247
454370
592236
564651
84605
723304
947405
257436
614809
261905
257056
3896
529038
36833
232722
51845
734313
861993
527338
351000
467074
406239
892666
915463
891729
35057
202501
13456
234248
318094
448190
526090
259175
288211
40500
817230
401081
846434
780231
972357
883627
925256
686106
187134
774532
241577
214134
653639
898962
218988
26258
489859
122241
750369
668468
556501
152457
476925
190696
360159
998764
736528
957781
582796
792919
753660
2457
174395
681147
852727
520997
53253
642786
18824
81093
507355
153542
615984
573655
415531
466801
359185
526035
746751
984643
244712
518019
594613
425315
977738
884071
527236
66622
515925
221988
649209
585152
391905
276011
285739
411968
472735
871275
980145
595117
16993
380016
132746
262147
598940
176854
960287
926749
548042
987315
145106
37820
676108
829029
136543
964725
761200
603704
842733
697677
116494
551998
188718
39031
30607
892139
908990
430088
525858
277383
134421
766156
478922
78436
283756
264429
133724
537952
824768
563960
674923
104187
665472
113988
399645
701100
66899
691233
692030
399369
955752
628674
866075
101762
287413
661835
451932
515073
55517
8212
734308
683448
25109
72174
413486
293389
740363
992191
598316
849110
282236
329236
989364
320948
199353
870464
51610
402647
506959
658683
302715
516417
549699
790353
789578
114580
21673
897409
502830
368330
907233
657169
588711
151542
876254
311083
725208
414030
578125
105792
301379
357653
950288
468192
811994
479279
993568
674252
541625
957604
557979
369641
830814
29399
813863
240807
662753
946761
138817
322506
689401
329287
261631
200943
703191
609352
817719
924587
267358
265772
649342
585837
943704
596440
950634
801260
214426
246166
191188
589867
878818
9921
605054
658848
755294
627510
660133
695804
576131
458284
379433
838852
157359
600588
518711
359118
223338
923151
561037
234418
687706
768891
766576
575560
548358
302455
978114
424050
218844
308215
810271
983058
781599
310292
746285
819105
820514
663666
234797
644343
839129
686590
113501
764815
926540
740637
11629
569791
83156
374219
68001
657174
288120
603746
64052
655681
688269
490620
426765
386288
426572
473330
746667
483760
613107
267364
684498
425018
742403
6400
42257
484764
331576
288577
385277
436976
805696
425260
862009
994307
598470
435058
974139
834446
687857
203893
572728
495126
374935
637182
466752
802774
706706
115972
246891
292258
844739
717736
597459
339542
362388
435083
656940
149766
650967
749199
134843
27342
600661
370542
416373
164806
468057
226017
655179
767304
612282
846458
199346
839168
566549
375365
813713
958221
630725
176003
430613
602765
964958
274164
310574
603072
291498
888991
574240
316672
845444
781282
30157
841108
149790
109682
6526
862574
613309
776877
43888
892546
112230
632445
346139
540434
64424
700962
445718
163662
43887
296429
548551
61946
973805
451477
746289
518438
165572
758249
39560
252363
374958
79373
823039
990822
444897
864245
21464
438781
136616
784238
389136
661231
665414
687760
254967
796870
253162
186029
79847
938234
753911
134488
553241
180565
500374
675253
930457
413335
1976
291640
930208
126385
950242
182315
476506
310835
120341
199719
920243
9388
705984
967648
289757
812770
570368
172600
826678
125975
137684
261460
740385
349894
876525
9862
728408
523217
652730
385839
64825
7743
719218
39359
13923
383699
602215
650489
631769
738921
524726
402650
237166
265435
768535
703189
169321
223149
160830
282684
143547
231691
600124
434197
185880
285560
542657
38309
235372
807019
956574
641639
797833
901364
731109
339854
757080
305955
965981
549463
984520
534328
254243
925253
5788
502564
310554
364213
471615
993870
27912
761918
137296
956810
782988
310263
2649
63283
409693
611349
203997
87949
370486
853511
236909
626064
993152
735963
593827
702589
11887
994099
275457
590767
479432
303827
917969
32317
479233
179970
532889
411414
585947
866674
839332
439532
421523
373799
221485
357807
253673
411649
262161
784315
913417
566124
262852
67476
692002
677031
569829
130803
805798
737968
873671
305458
740132
372238
353984
183239
946490
561988
76471
517322
800105
623587
761799
92487
516978
793905
892793
450613
916702
564739
789741
123506
297509
143169
9260
100090
202020
739915
790989
826519
724239
956793
413270
533065
810508
511021
580795
730699
308724
387639
919029
281939
586554
90348
779242
590174
49745
231787
339876
755542
914997
545578
257620
411336
503261
309621
886300
615540
166256
907789
636745
369637
661366
761300
995576
113112
537191
629585
326247
272736
987289
246203
696703
565835
636374
930296
602396
344603
398266
71477
576265
398728
21999
136339
42818
789083
213919
631661
916633
290895
846382
530651
89174
632827
515347
443414
462140
339447
378822
805733
471084
318339
677249
282161
731309
100748
292120
452319
473367
858441
392803
400209
681441
404042
271803
95875
653827
213276
777328
881174
736856
287598
301856
198652
314868
633957
827949
869729
886565
963664
753089
748441
175302
370891
906567
243487
996362
404382
540519
539753
639278
984053
830235
480282
896115
606184
823512
148257
332984
219877
796228
211755
884931
52435
260907
12623
805318
710899
345804
288106
967183
959610
12084
984566
977042
29369
711305
256458
609194
115753
123902
790556
469189
112105
314262
806960
534293
537210
357245
234258
755933
991563
259900
719771
556777
237896
707360
571536
671308
580448
62472
878348
73600
903064
250206
879732
671999
257953
844527
651568
466722
300996
905515
894100
463645
391056
990598
527194
503278
29771
371794
765020
923970
554952
655664
365133
710250
211880
324710
966487
382419
144349
471329
93266
139264
261065
188463
343308
86646
550264
734477
642708
829752
862658
154112
213714
54121
754542
993305
652199
711172
705414
270904
296231
34883
416930
596139
163800
325241
953249
792227
713998
535443
543635
464608
920777
691387
524417
874146
75479
720191
575696
291553
633323
494814
620291
987069
50452
45977
768025
182421
416634
23006
567822
453939
102475
326057
205051
616229
657992
737854
209510
793995
886024
43213
15007
356865
446886
765317
875566
796108
302754
27356
969169
544574
755556
863783
239818
439212
221510
394744
461491
222951
978392
168571
768374
137346
889230
748029
694191
377133
284054
4888
679998
82589
894480
479545
726959
843452
872366
935982
970800
206300
214460
493698
471543
439516
809016
178294
94838
486513
514858
457388
578794
371675
979369
74392
608329
529785
690364
300822
371110
688880
101525
164465
408068
679216
178554
752196
1139
951676
209224
485286
617628
108399
11390
368557
786870
456023
628175
887505
732273
621478
821391
316300
673391
892263
931538
541786
305845
751174
611048
892111
278566
349802
567337
986916
129408
139360
823763
542427
928636
287384
344280
845775
149362
303303
895484
825020
564807
129834
514041
423304
592738
67427
745355
287682
341542
961294
892114
77175
475951
11129
702109
550992
68947
683262
498199
949737
73410
911408
306434
757979
191004
81197
304589
936820
766120
584821
827703
489453
780071
74770
973239
830216
567285
756615
712725
395338
790652
252280
747914
912604
764154
829927
770975
334871
927622
483880
232057
471274
68401
574755
948486
418886
75740
1525
197584
550125
342946
52248
794804
394587
54604
139117
604004
517644
957982
24579
891261
305745
639321
87923
989174
952373
518321
94089
934656
795080
784549
264699
541103
5914
696871
648458
353930
276394
118727
8549
831536
782464
47592
553203
536011
104187
887629
539453
260421
468337
821999
764319
122331
532529
971228
300479
234518
661401
217620
874963
524951
933630
546857
47986
729502
806857
797457
330296
167234
26204
355889
372309
463888
621873
568500
835342
910530
694133
519833
550134
330617
813276
131124
42879
845707
43266
742092
333164
256142
482356
275781
221826
959520
279835
272104
183838
243879
989784
747021
670485
537365
898837
552358
953815
943874
803140
267855
253893
459810
487801
95673
109042
114811
657899
633796
538311
957243
614202
191073
85332
909161
213151
510146
419843
874078
688614
570967
172363
291180
963343
809030
364881
852574
600327
509418
421871
37434
113414
432359
486434
617986
484787
372235
455450
845193
673419
534053
254431
361996
425744
186985
361170
108444
401340
619058
475769
539415
49612
290961
213426
947230
798574
15206
615149
239131
313628
950922
68550
856918
932711
49153
179156
836546
940084
221214
929630
496936
864478
577900
200221
809002
726168
780938
752753
608402
859107
85110
894785
534838
112639
305414
13233
575979
986909
452135
784498
340983
977183
897400
396765
94948
999363
668012
458596
668402
207661
400353
845696
397012
623102
112753
339081
995331
19946
855390
997891
230878
444525
570995
801649
713573
35859
678668
930531
431259
18491
543324
62566
339309
94036
145036
469154
596621
551386
896755
892135
193686
662494
914423
888820
282438
133470
475723
160443
117166
635388
519363
267626
863549
327787
663287
446342
36224
883413
141341
26824
826326
126590
682771
690813
640396
596488
825071
936390
606720
215064
36166
423477
303935
872646
921270
343231
35505
512785
738437
415498
479626
918454
443392
499420
707749
17442
360500
412932
293522
7632
942013
346622
670928
538891
236607
154636
314894
472616
984556
705125
474820
744870
607843
783477
573506
803076
745851
437970
762992
936682
882942
233272
458619
850726
178165
275708
538063
404293
953875
142541
749598
118186
459300
561686
760931
382894
192008
893650
153435
91064
621401
218258
17376
661136
733510
406971
91113
928716
235703
9060
946454
880347
513890
900151
349364
796708
245876
172964
805067
352566
316693
561012
95547
491281
367900
579216
602126
470037
483738
506220
950335
329599
259265
735655
661377
433986
332281
487856
729109
869709
124411
923072
3837
986405
938170
939271
760906
32703
889883
479037
901134
421451
686536
654210
309331
420187
202685
690034
94699
699493
823624
680973
212684
965998
383644
320433
333510
265646
467497
838334
412852
821606
325628
58564
386335
139967
37340
475715
268531
237965
886038
146082
779715
798043
31181
67174
728710
37386
66528
330991
193684
701235
920842
807882
734182
180431
389690
774256
894954
430785
590989
751801
846933
362410
477225
752079
716215
316168
601608
985471
737203
830641
296476
271684
520091
890583
605664
415105
852052
15363
547976
205003
523314
708234
855903
303591
498253
481158
83948
375175
751776
829890
562207
5494
494855
410755
267290
384687
109727
474208
909597
775586
494050
304009
16755
97663
520337
890768
449805
88776
136569
949511
364342
461126
623350
765197
586263
777259
727049
270275
844101
333558
972953
167008
650345
651665
282070
362915
363972
114419
352896
522167
954786
313190
70998
51545
99669
495270
629682
704580
398059
290886
963978
564696
243043
936190
517076
603885
319020
280912
748473
462512
322287
630755
460059
263873
506915
528634
747947
786425
43210
604433
822609
983646
852701
529613
782691
913197
777027
852603
63663
510944
397390
741158
35562
721208
629256
265068
823906
559978
838979
789900
893000
231511
427535
902824
740866
265143
705121
598937
63097
308669
826188
907846
729748
96499
429616
505044
896675
919934
513719
72839
420031
103865
169636
779778
962691
666340
277361
23220
97496
715393
933005
696527
399234
155664
953303
281259
730528
516062
282357
153690
473240
227169
228414
399540
92182
860605
213919
52114
776645
470058
295824
597781
362705
781281
578867
377308
424466
136637
875387
787664
748768
566448
31906
351493
934664
544676
817284
880091
990738
196671
727408
65139
470442
503709
476574
718885
221687
37016
390519
572731
655090
873610
703869
474429
296559
438455
739170
642338
693910
996071
993381
986313
287321
406074
503029
675126
105443
360364
729127
928931
648525
782274
852549
998401
52739
477049
645142
175142
445466
175058
190044
715103
351383
159380
568868
593940
423837
196812
490312
997534
497070
99819
772199
603226
888367
358230
468471
776538
428796
57967
806468
957423
820918
678429
993631
192513
27713
188227
419923
733981
71288
874910
660098
800368
780749
236003
368057
704846
233737
565519
756525
610758
53730
358582
780227
596905
3438
281768
809863
708160
548002
662883
310873
384562
236172
653490
106721
91127
810325
196513
768978
892013
62532
219130
780223
694578
520698
435527
913504
110240
707655
837032
102431
888889
363141
565388
96916
748959
779668
317183
996644
695717
51376
728654
923424
366054
331137
692648
891204
508614
121972
757266
90373
825667
892510
641183
676473
29499
544571
979070
773234
834712
102182
372659
209734
269512
461828
67039
612786
166635
914546
355716
807522
356816
610088
234950
374948
434815
920630
454141
630671
74634
808219
91900
196082
910455
756981
686512
171714
209848
879228
56605
633470
613035
680318
486972
958665
514437
409665
957146
231825
61018
65051
103846
459780
106673
707080
893726
71603
840290
598660
304424
259852
576797
855900
748477
157268
453430
894
325884
995707
777822
34556
279660
405835
79089
278686
680934
798509
764808
697756
933430
199740
88234
116509
745924
829350
216090
306309
835520
679723
915808
710274
24744
534073
492917
947098
108197
549111
705734
749733
945773
267999
307041
897263
514209
250086
21277
893469
674529
482784
146598
505703
744201
622884
340684
476684
176745
166690
957313
504001
568905
536455
518548
798472
593472
70760
524614
52087
359833
425902
607604
945385
786361
596735
510426
256732
373668
619177
402972
955773
139661
61232
484039
928656
839577
442361
694444
956726
785195
436034
608797
769749
166785
171470
659405
909783
43459
940125
704658
178050
998455
470438
749611
165712
939062
117575
168292
787234
522775
251079
538124
115665
517241
392710
326597
745434
203092
616035
71167
57702
923234
48413
747637
360005
667078
530694
40764
740348
780929
421339
101036
46954
582987
746621
150150
122838
949295
504439
258401
955217
676944
437290
738411
57215
482282
138673
170273
525604
346270
533539
749038
951627
824860
628174
911642
145715
432713
385755
775775
597702
392018
835420
808091
904783
58476
935864
421769
834204
162424
133209
103778
912182
382089
196359
543883
944386
706249
117806
100448
418102
266541
857590
700000
945221
288305
66384
387719
981898
127655
759573
523611
294226
292089
359322
440839
30756
262937
57297
502822
746379
496519
567611
56334
598029
683878
757075
505190
244487
558822
503891
684321
91968
251406
460682
226706
298022
861224
112617
421802
124983
954540
146889
88799
250672
507763
754881
373873
989243
987019
662686
521428
794752
661929
150241
994157
624279
326321
243346
881467
816147
566685
640852
869244
158298
635754
919737
289398
506086
807567
826039
590104
446136
191195
894340
341484
395577
101673
878636
318002
822414
259103
943363
16613
287552
430721
613832
250192
414007
848306
428816
860908
461700
950289
675706
89943
441280
547564
550780
660251
5850
76461
696908
739782
359723
78118
565915
354552
875789
60203
3296
170103
725295
598795
79314
454551
8777
604314
641415
906291
68709
1098
464478
297122
945027
842823
313447
240151
845630
907110
44796
471115
322403
676955
535296
379625
892548
102315
469963
722318
210279
617248
941563
850656
322453
219349
528352
428701
4576
705753
299393
511811
206853
698874
731740
901154
492917
168477
506419
709377
607395
501290
518679
506658
166640
864142
28737
334729
899794
478836
100751
394059
795535
70136
481970
954569
594225
903082
662226
354206
42733
160181
612387
620792
299228
809134
984603
103483
765612
187886
890887
946532
48035
622706
210554
897703
257173
867301
556023
722961
162331
524893
523752
189570
543993
223810
487754
99
737565
621983
815581
57545
398586
783802
377690
960753
610015
371347
340262
803424
163217
461750
159257
969510
508608
408211
620021
365217
110348
903344
592505
382897
70422
284395
990732
578262
464951
772945
794043
724346
709106
195381
140036
87032
456284
481896
838255
473431
523673
250006
51094
389481
597024
841318
131513
19489
722225
210416
353885
156765
677825
918211
229193
518309
911102
555680
142032
387473
729781
778615
540724
216833
571870
444220
128024
461277
944017
416356
715789
515642
811107
775179
424501
892263
947818
767672
712144
384880
720074
296763
776534
356427
102272
129423
2960
702935
886462
423963
430287
318396
29495
414195
692677
875221
365224
112561
624141
221041
657260
262615
627795
402032
792141
503281
708114
284825
477636
682008
796286
521274
529150
704086
726834
57775
563052
684185
309866
800853
421385
625537
786439
876970
775971
344709
223250
282987
812566
280534
942393
300172
748230
1610
127620
195504
795787
790664
145937
305167
818487
560050
855654
522476
363054
49453
596817
781964
896919
155319
640066
921051
570774
680679
968189
539426
280969
967249
214938
423901
353087
177916
627308
326718
864195
34028
547009
567060
813210
622438
257497
254375
269030
887060
800321
982730
806127
671416
799116
917670
23763
237611
849729
759220
974152
621461
61606
747154
657297
333825
880180
171599
957571
998311
22998
145606
641524
653253
794591
557042
491136
382811
514671
396406
109102
284836
550865
863742
307035
207409
758424
955215
263221
905672
240904
795010
674243
891079
971923
658157
618059
938540
911162
22234
694901
228917
544252
471646
343610
437101
144989
130315
339391
793004
940187
906833
613701
469518
773901
773327
441074
784175
12331
260131
202607
349034
372363
170255
599920
287937
15517
123895
125492
911270
724958
503845
656636
315175
992740
391829
887423
780254
529412
313765
443275
21926
223535
13615
672537
98893
89597
989963
390630
661196
695218
878671
711557
742713
50550
696181
679235
768089
825388
436773
581152
813711
744201
919910
359132
213529
20165
532613
111370
743993
770384
353025
631047
103397
312373
769615
666896
637987
619291
337389
52739
893392
186094
593779
485764
219709
316959
807667
404800
234296
246194
854811
279157
944605
990363
479949
782390
338246
744651
980156
399735
150055
542751
47308
736358
749514
914500
936504
680829
75662
694557
249944
41608
622390
532434
890923
141071
500320
295021
323073
502865
474250
809309
61308
322492
698604
378785
261246
799544
436562
121566
882606
408492
676874
34847
138271
11518
942107
797857
683370
210325
76535
76459
212826
881294
457105
591658
594525
949288
335094
942749
380328
578876
280586
662958
761428
612671
173666
740962
973273
465148
470310
975919
625253
189464
990977
361659
531456
634501
696936
475775
724330
43761
51452
996632
310
455551
582091
932634
365963
417096
323499
558382
464278
375366
146885
653952
883494
178851
247954
293519
546021
97567
561742
309069
498956
193873
986414
999841
567210
481146
900970
843024
911514
92938
782329
907703
466444
375959
255777
254588
778862
968073
552724
835412
285738
991792
391105
916200
514793
702520
822068
711730
686690
374702
458805
907204
77408
955692
630616
761355
165314
384680
682889
85959
14754
24806
89452
790158
765824
858484
569832
319985
921155
105684
794862
575941
513072
219407
668805
157279
300431
187273
283665
671017
205493
885435
738993
575322
5771
463022
414413
936960
152749
987351
230445
369552
882654
359980
341988
360707
379026
281476
111525
726163
812564
773628
999679
845161
889892
492952
111370
926684
432873
692330
822442
613233
78444
663557
548699
378920
605907
239869
941604
28517
182109
731823
217874
679223
931426
725506
937010
890253
214521
903982
820835