1333
1385
6867
8079
2823
5649
1520
2163
831
3502
4169
7879
7713
7112
8589
2754
6177
5098
7334
4254
6164
1704
5906
6829
612
113
6830
7980
7227
5960
7739
6074
6523
5478
1122
4188
6834
9939
4278
4473
9986
2505
5115
6452
2067
5975
1858
8251
8667
1160
1221
8390
9395
6754
6152
6013
5404
6330
8011
3594
4773
3933
7340
132
4898
8883
6032
9023
4473
7028
4429
7358
982
5877
5266
4906
3971
8013
7051
1404
8227
2504
1663
9776
8131
5678
862
183
4505
4840
4577
3425
409
9623
8197
3060
8224
8220
4032
5499
4594
5303
2555
7547
5698
3763
2295
85
7793
211
3735
1082
4719
2657
9814
7403
8061
5737
3433
8069
1352
5402
3902
3506
6875
1509
1248
8205
8491
1063
9560
9763
7603
2862
6412
8713
621
6139
7847
5520
3105
882
9996
5006
9992
8090
8284
7138
2145
2846
5171
2473
6922
6482
4291
9409
4141
1102
1993
7338
6800
329
9341
1105
4792
7384
6301
8290
2063
6411
3888
5036
6275
8807
2248
718
4360
4164
3494
9432
3868
9277
1562
5770
1405
8726
3723
5022
53
4566
2743
1559
7430
8782
7480
4714
1110
8370
8684
3857
4837
2273
3143
2472
6341
9312
672
4846
491
8528
6638
9585
5127
3139
436
775
8773
3476
7935
8058
9211
7332
9258
5700
2491
3704
6562
5990
2310
5776
5189
8467
9575
3784
3531
3230
1155
7997
1997
81
4659
1692
5444
2657
8972
8657
2870
8826
1942
4999
922
5948
4265
7748
6651
3095
6529
4537
1909
6492
8917
9227
5410
598
5205
1370
899
2379
507
5940
2979
7117
2348
2466
444
5029
6520
5295
2959
396
9464
6412
7174
4021
5415
9728
4310
889
3065
5020
9991
7258
3433
7028
7537
7694
1604
7750
3169
9172
2931
7047
1118
8110
5294
2427
3557
8878
4267
7509
615
5314
3387
3109
3357
6201
4894
4752
516
6925
827
7172
2849
4921
8089
916
941
2231
8750
9446
2760
5235
3369
4507
403
4046
3188
7697
4789
7441
3323
2139
1252
1836
85
9226
3181
4316
5523
3954
8920
5060
7829
6659
1686
3240
8147
4442
4611
5561
142
6861
4255
1492
5501
802
5759
4859
7281
1058
5855
2796
821
4428
3937
3030
8266
8430
9220
6639
8764
3378
5175
799
9229
467
6135
3599
887
7967
4038
4327
4891
5569
466
9555
5646
3323
2846
5589
5516
4443
7958
7920
4298
5021
2176
8168
4273
9902
2017
4518
799
631
5319
7089
9664
7995
3072
2357
3030
4757
167
9859
5075
4991
5744
3558
8641
8367
8685
3659
5984
9283
3136
9597
69
9381
5348
706
9957
2527
9922
8734
1396
1812
2541
4709
8010
6269
8021
3639
733
897
5593
2734
1872
7222
5777
4679
8809
3794
7763
2170
7940
321
3271
3578
779
6531
5855
5824
878
9825
6631
7480
7634
2061
8161
3286
9578
2789
6591
8149
5638
4968
5063
2681
3162
4490
8324
3455
5011
9242
9564
2540
1411
784
5658
1040
9950
1178
3663
1507
4515
2599
4792
545
5774
3540
9545
1125
3450
1935
1971
1520
2870
7053
3583
3908
7349
7253
644
8228
5901
1505
7615
5223
8466
4823
4050
8399
1440
5720
5930
6997
6896
75
9434
693
2808
8222
9153
2739
4559
3981
5401
8458
5526
5011
6411
2455
4811
883
5325
7369
4583
3500
9803
5164
2124
1088
9954
324
2548
1657
8860
9965
5950
281
9889
4911
5109
2777
2385
4785
356
2387
6157
7295
2728
3370
5686
9225
9195
9515
6499
1886
8184
474
3380
1152
5992
6412
1909
9322
8410
6238
5423
9450
5914
5062
7730
6067
8344
3024
1244
1457
449
537
7614
8945
9096
2941
6973
5331
428
7036
5324
4090
1336
5189
2523
2669
8215
947
9975
6023
938
752
3412
7153
2752
4169
8957
7827
5004
7671
3284
4097
4517
4654
3699
1948
3917
3450
7107
5968
3126
7017
364
2942
168
4362
51
3191
293
7823
4958
8256
9898
8183
9280
9664
9351
3491
2095
1338
9110
6095
2706
9005
467
3593
7351
2302
2525
701
4177
1374
1187
8281
4505
4878
3219
815
1840
177
7810
3288
9382
1300
4259
8818
8960
2208
1215
5607
338
7011
3533
2601
5404
8366
4974
8189
8839
2544
2918
6510
2944
2489
4399
337
7859
8658
66
121
5248
5726
7718
4959
9976
2141
633
7255
2734
4733
5392
3022
7773
8217
7936
3538
2914
1277
7211
8288
4799
6740
3160
5328
6029
3861
8684
8010
7396
5895
1996
9609
9811
456
5988
111
641
7077
455
7868
3784
1427
5370
3223
8553
4220
9975
8046
1618
6920
3454
2917
3506
8015
9308
4112
8531
7232
6190
6350
3221
4820
2137
2149
7971
3070
6014
5836
8726
1742
686
9722
1975
9586
7717
7153
9748
8902
2372
4602
3083
2582
8662
9026
6884
3335
7745
8045
4062
40
1609
2244
9263
4675
6621
7151
2414
5264
7179
9487
436
5291
6443
5332
2153
2810
7702
5764
4540
1519
5779
2071
9396
8227
2918
956
3378
3740
6338
5172
5110
6029
6598
9774
5343
890
1863
4323
6018
9212
4456
8324
9964
1622
2045
904
3204
6599
8537
5916
3756
3484
7719
9732
8156
4566
4523
4375
9807
6172
2599
7828
1131
481
2390
6363
737
3573
7280
4783
9203
7058
4647
9700
7049
7143
3201
2728
9317
7177
3075
4450
6793
8886
7081
5699
8428
8695
3014
3419
7139
4857
6476
8186
6893
1733
1633
1998
1960
616
657
5369
5700
4795
6971
7609
6080
885
5863
9793
3122
1006
8253
6299
750
3147
5162
4545
2666
5178
2691
6079
4993
9544
1883
1575
8279
4988
1405
2487
1677
1806
5860
5208
6812
7881
3700
9762
1970
7745
9699
8646
8084
2491
7933
9355
7943
8497
5591
2584
6594
8355
8462
2232
1661
499
8728
1732
29
7391
8539
3599
6249
6214
7182
363
1668
9343
3804
4303
6697
3947
4008
9870
6205
9369
4641
4966
5733
1669
2280
3478
7481
4173
7308
3219
1198
9815
10
3193
5083
7450
7525
5303
5713
6363
5207
9249
2372
6607
9894
5531
9856
1028
6314
2027
7198
1426
6133
6397
2425
916
9586
6124
1872
7558
9923
8885
5155
9042
5241
2181
2166
2687
8703
4076
9767
7880
9012
6832
8530
772
7464
8320
7982
7190
872
1812
4252
7886
9005
2285
3393
7702
7856
8461
1254
5708
636
4760
5245
2463
9058
6408
4828
1421
9959
2736
3726
8238
7601
7667
4315
4980
1560
4917
2488
8777
5590
3756
523
6637
215
2685
3699
1306
1698
5550
7414
2467
7466
9920
3283
6358
8940
8782
3740
38
9897
6664
2395
3729
2592
1547
175
6008
325
6630
2012
1381
3719
6816
7341
3938
1005
1764
3621
7800
2018
3868
2254
5181
905
9028
8688
8198
282
5262
8795
4227
3461
595
8227
3181
4398
6986
196
7039
6726
8388
883
4699
2961
5302
8154
324
2732
4797
8883
7235
3937
2612
9113
8857
802
1473
8673
471
8444
8949
9056
2920
1383
1403
7546
1598
7786
3757
208
3018
577
5296
1145
271
2165
4557
1265
5161
6896
4997
813
2975
9658
1338
2536
7538
3443
3400
3689
2793
7042
4392
9427
2567
6773
7659
61
2271
7630
8547
6159
989
4245
4248
295
7008
2964
4302
3427
9538
3934
6138
2836
5169
7681
4416
1863
6621
4705
5097
7113
9641
4302
7056
6893
3802
8228
631
8886
9540
213
5859
8314
7303
3087
3219
7038
2444
4728
8387
1815
7792
2832
8742
2696
2947
1718
7686
7853
6740
3177
4346
8711
6995
9434
34
6517
6542
7464
4310
3296
2093
8735
3048
6957
4757
3159
1726
2713
6517
1689
8945
682
8286
6791
9630
5779
5749
1041
562
7469
6512
8824
5576
5902
2288
3312
7744
5434
199
5590
8620
88
45
8958
7830
1500
3979
415
8882
4163
4238
1156
6642
7489
4731
9881
7575
7584
3637
3303
2289
6750
5495
6049
7424
1295
709
6698
7673
1375
1525
746
8552
8220
4149
4479
7892
2474
6083
5431
9358
9849
6658
5420
6065
377
3161
9440
3786
674
2301
4603
7458
3258
1606
597
3029
1189
5944
4184
3154
855
9635
246
231
6236
3966
5674
1692
8916
4003
7932
368
1133
1439
3500
6409
4875
2382
9619
7374
6883
1995
742
5033
4954
7088
1585
3051
6525
1442
836
3386
1220
2062
5417
2116
8994
9947
9331
1515
5215
7602
4943
4227
2024
6001
5594
7578
9742
8829
4386
2142
1974
117
7127
8357
5437
9152
6652
1629
4329
1552
3868
1778
3049
8425
9005
8863
3039
5707
6580
9266
21
2256
4827
1453
5696
8499
7488
5440
4817
2332
9384
9709
3486
4485
9535
2627
2745
8190
4090
4936
1929
7838
9107
3262
7617
5111
5454
7680
672
1553
6351
1697
1469
1126
6435
6274
3889
5306
6501
9867
8565
613
2505
1571
1188
199
1045
4679
9531
5767
5540
5246
1363
9509
5100
9884
4294
3074
5939
6306
2842
1961
2686
4255
5805
4993
3420
2592
7983
7118
1719
5292
2918
6556
5646
2794
5124
1942
9168
4730
3872
1580
6176
2668
6330
5462
3071
656
142
7897
9599
3480
8248
4898
7771
5733
1983
8662
3550
185
4425
2107
8833
1033
5541
9798
330
9834
4372
3905
7689
3859
9454
3471
5163
8942
80
3447
9214
1243
9041
6835
4214
2226
4376
6917
4588
6371
7368
7944
4081
8553
2920
2789
6824
5422
5462
6682
8316
125
2780
1058
4736
8625
2778
7960
593
9634
8384
3526
6718
5049
1353
3036
1536
4830
4325
2114
701
963
8337
7814
2442
1743
2507
5347
5347
6706
8269
3213
8405
514
8977
423
1963
6536
3701
6635
8957
7838
9955
2978
8166
9451
3299
2797
563
7607
7023
1076
9538
2397
718
4478
3369
7043
393
2795
7960
9560
1775
860
5695
1408
9746
2719
1070
4532
4020
9112
4597
8658
9103
6893
1822
159
3781
4115
3296
9909
4432
1578
4313
2751
4633
3616
7247
6467
4807
7600
3051
2199
1374
7917
3054
4863
6236
6501
4696
3840
3393
9174
9883
8475
8966
978
1127
9748
2223
6064
4548
5058
707
5221
8265
2709
1121
3169
3666
5554
3710
9739
7869
5817
6848
1955
6522
6785
7966
4938
1867
4225
6588
2674
6110
9476
9684
781
463
5576
5412
54
6037
7612
7582
7006
8716
4973
3961
8179
4126
4783
928
416
2105
8260
5423
7338
5302
4389
1254
917
7567
8769
5083
7671
7040
8166
1595
9497
6128
3634
4832
228
3762
682
4104
2858
8341
1510
6664
6800
5042
4468
917
9831
4270
9681
2895
9231
6384
2218
5202
9477
6578
2404
2403
8064
1728
4432
4234
9154
8869
3388
7452
2656
1852
1586
3238
8206
9433
6584
9333
6901
7975
9138
5451
3089
199
5965
1707
1346
7003
3853
3707
5257
9393
5526
8095
8303
2720
4492
921
7830
8853
6412
4967
2437
2176
8450
1886
5111
3489
4309
6557
1757
1444
3936
8964
1623
9241
7296
7057
7680
9814
6067
9943
7338
1868
8857
3506
2915
1809
357
8970
7901
5396
8493
7918
5129
8214
5111
3077
2451
965
4024
3558
9240
4487
3199
8452
3157
3368
937
9690
8319
774
5042
4837
2106
7321
1640
9983
9865
4721
8992
1340
4363
1319
1657
6115
7693
4362
8956
2991
5957
3067
9073
7157
9426
5276
4951
696
7463
7502
6814
2676
1616
4437
1234
7748
6471
9092
8675
5767
9855
6014
9740
3528
8063
190
9465
3597
7168
9977
5463
3931
821
637
5006
1644
3923
6896
7469
9052
2269
3087
6076
7183
7890
1382
3890
7555
4173
3433
8418
5409
8132
1602
3125
9117
6251
3677
9589
9141
6506
8953
9895
2687
6580
2377
5229
9072
1916
6275
1840
6861
3310
7156
4718
697
4840
4208
5812
3630
9087
1486
8360
6228
2438
3821
3287
3672
1824
6775
3985
5832
6945
1876
6556
3955
1861
7655
645
1547
5472
9535
8965
9097
7872
1775
7874
2149
2738
7976
9161
2694
5801
7529
5983
1524
7301
6772
8554
3879
921
2195
8374
1972
4787
7023
124
3015
5149
6274
3535
5948
7687
9883
2438
694
3756
6102
3244
1133
372
2338
9391
4989
3428
2901
9534
3580
4642
9626
2918
1517
8785
4830
6653
9091
2537
5526
7218
6526
1110
4803
1799
8122
6380
7700
4333
6413
8567
7697
1541
2160
7429
4654
2163
327
1079
2304
5310
7933
5687
887
2929
6621
3280
8202
5053
4785
1968
4187
6661
9974
506
4862
2368
8094
659
8912
9332
9450
5145
6623
6952
295
5087
5894
7911
9676
7873
9928
1190
174
2966
182
4152
5208
3990
2299
4019
3781
5718
9483
5648
5255
416
2387
8769
6049
8689
2003
1914
5625
9953
5929
4110
8021
6810
8516
758
8142
2829
8177
8380
9528
861
1430
4145
510
3511
4080
7615
2405
9219
6764
9909
3472
1240
287
7926
1296
4748
9024
9422
5101
8632
2024
1126
7102
2565
1354
9459
3699
4295
8484
1239
3045
5185
3715
8707
9474
3752
4834
2166
7099
2804
9100
1987
9936
7526
1158
1996
3432
1789
2440
7233
3806
8227
9655
1115
4309
6679
1776
9399
2372
3521
26
1173
7532
8469
7886
3336
6465
9183
7310
3222
4504
2863
9377
5520
4831
4640
359
3011
9063
2732
9579
3584
2057
1935
6027
5001
281
4100
5126
8911
5098
8477
897
4340
1860
1786
6537
4179
5032
2361
1787
4394
4701
858
9786
7577
1696
9752
3298
1897
3069
839
8882
1860
3537
6689
2633
6460
398
9998
8874
7282
3073
4050
4998
4883
6063
1937
3026
5647
6553
726
2566
7204
1908
3997
3217
126
3026
839
942
9857
2371
2333
6760
7895
9048
7419
1713
1672
4426
5663
7645
6324
9975
6746
2394
7119
6561
2284
7624
5171
7422
947
4616
9566
2567
4499
4651
5973
4070
3014
3366
7502
7575
4948
814
1141
6553
4359
2799
4324
1942
46
5481
2707
4404
7878
4752
3773
5526
7626
6687
5917
6934
6276
5217
9413
4465
6368
5476
9552
7475
7243
9452
8217
2765
8282
1405
3971
6798
6787
4357
5264
5366
6129
7129
691
6114
1492
9491
5740
2789
5152
6566
4609
1376
9229
6844
5159
9564
7459
3755
3989
8666
4282
5084
6932
1637
5334
5740
9226
3564
7766
3872
2018
3800
2163
3165
5893
9851
4749
2284
9778
1345
1723
8417
5433
5494
3339
9985
1341
7432
9629
7635
4127
5589
3249
9534
7807
7262
2472
3829
1100
4258
5033
6376
3120
2715
4382
5050
4962
3928
7276
3215
8413
4352
2652
7828
2417
6237
3636
4059
9009
3692
6699
8191
3391
2173
9720
770
4292
9922
3361
1343
3344
1882
5804
393
9252
5305
9570
433
2278
8645
4002
2976
2052
5458
7197
3560
6600
6438
5079
5857
6991
7492
9319
6882
2366
6635
7763
2944
1326
954
5917
9179
5721
6191
2777
8741
1805
7658
9546
8284
2400
1922
7531
2440
3563
6106
5381
5815
9903
3167
2186
284
8542
5039
4772
2381
6385
9136
9868
2213
8259
9628
2782
7520
873
2514
7382
3715
382
5785
769
7637
9385
5650
3553
8315
2424
3600
1707
8623
2434
8133
3524
180
8763
3422
1978
6623
2344
6325
5186
9802
8437
2360
8463
4979
5744
8501
7528
7098
2644
3710
2401
9216
9385
9108
8410
9280
2167
3237
4575
1230
5041
744
3393
6783
5034
9202
6303
6515
17
628
130
2471
1560
1931
5010
652
9036
4656
6399
5915
4667
5858
2746
4152
6043
6595
1101
7071
8631
6897
5938
5309
9792
2602
6995
900
2802
793
1414
8896
4
5575
2355
5140
6540
2870
9124
3272
9051
1421
4421
9241
3938
4816
9033
6124
240
4431
7691
3076
6325
4245
6686
5190
8263
151
5351
2999
4050
203
6068
2296
4173
4183
9179
2940
5521
2569
4483
1054
4157
7834
6209
6154
1723
7646
5085
3646
3259
1177
4162
1933
15
5702
7344
5027
5308
3601
2235
6598
8025
7664
691
5482
3258
2406
2203
4684
6679
2219
247
2664
4673
91
4167
20
467
2888
9668
7316
3048
3304
964
7556
2440
4070
4595
9441
2364
4478
5044
3040
6454
3612
5742
5594
3089
5128
7344
310
4510
4081
7077
4817
8554
8296
2884
885
9523
1416
8816
8446
3503
3889
2714
9538
2694
6137
2233
5508
670
6491
8890
8394
1118
4873
7728
1180
1291
3171
9018
6574
2859
9446
1991
3203
4429
5633
8997
9514
9319
6898
7472
4997
3286
9179
2102
7227
8269
8101
1400
1586
1260
9975
3513
6508
7023
333
9801
2463
8346
2155
813
1978
2739
1887
6830
1927
7456
3248
4939
1959
8868
9215
5517
9898
4922
2936
6597
9440
102
3643
3068
7076
7112
666
401
5284
2546
8522
5976
3703
7034
9168
1524
3062
2671
7365
7517
7561
4518
7900
9790
6419
6061
7497
4035
6336
2951
2756
4435
6019
7287
7503
4268
6775
3409
2651
9029
549
2322
943
322
8683
5639
1826
74
9133
3300
7939
330
2110
1134
4383
4595
7057
3930
6421
6650
504
5846
8237
9216
2480
9708
9601
9028
4906
2156
9683
3238
6265
2522
9188
3786
5204
221
2151
4330
2439
7969
9859
207
3940
4847
810
2637
1591
6043
6928
7783
4605
4418
4049
5039
971
6324
7065
7155
9930
6422
3019
9572
3337
9839
9839
7066
6432
9527
1019
6726
3067
3394
5119
5156
6294
8822
2225
1879
8155
9668
1809
2400
3143
4831
8169
5130
3997
4368
3069
9804
6393
3474
4576
5445
4169
9821
1198
6116
7234
7353
6751
6757
1628
4399
3405
8864
6784
5128
7138
6441
6953
4815
9571
2902
9529
3003
2684
8084
835
7307
589
8571
7679
4503
8537
1920
409
4681
8535
6215
5830
3260
2887
1337
154
5625
5390
1498
2547
6111
7802
4025
6039
2854
6209
9856
9799
5443
3764
3803
7432
867
9036
7746
7970
7290
8381
6220
9313
2399
5686
8119
2996
4884
7877
894
7820
2281
3077
4728
3549
3334
9018
2005
4626
8609
5989
6845
3322
7326
6984
6945
7322
1484
1005
7447
8707
2521
6812
7103
1609
4044
1095
5397
5406
8744
1628
7957
3813
80
4103
6137
8006
3653
5118
8299
5115
7399
8418
4414
417
2684
5722
9004
109
301
7220
1929
7104
3351
9789
4239
918
8419
728
5855
5400
833
4458
8697
930
6151
7110
7327
7938
1447
8213
9849
1434
8690
9821
1686
2890
5886
3241
8238
2426
5881
5003
6361
4445
8130
6968
8571
3385
9901
9749
1068
4969
122
1408
6792
181
9669
9101
2431
7558
5275
5732
3758
7083
7131
3679
6405
3856
2381
3356
733
233
2101
1140
4165
7564
276
5297
6456
3966
4982
1074
5241
4551
1093
1924
1412
6820
6915
7522
2424
7476
7830
6016
5067
5273
6767
3039
734
2970
6796
6247
8505
8574
8732
9195
9316
446
8643
2330
4793
8666
7949
1827
2782
3364
5900
1365
9043
8617
6345
1468
6695
3689
2159
4900
5273
6066
5256
8151
7858
2732
2140
8133
8269
615
8855
9002
6448
2264
2892
4961
2297
9196
1836
4280
6092
239
3379
2001
4537
2366
3507
5246
835
4365
464
7475
5559
7580
7883
7693
5739
8720
1321
2015
4271
3994
484
6097
8940
5995
3703
5592
6041
2060
2841
4749
3636
6884
9171
3255
7633
8654
7866
2680
5506
8078
3923
4158
6965
9831
5748
8178
3744
5645
3583
765
4137
7495
1279
9874
705
6885
5661
6502
4534
7890
6207
2952
855
2192
3189
2572
8065
3221
9779
4724
5068
6809
8126
6808
6125
7450
3244
2733
2418
721
4930
1222
5742
2093
2345
9373
5271
8305
5025
5035
8430
2523
8365
9072
2936
5585
352
9336
5755
2005
6514
544
4494
7173
2600
1450
5466
5580
6893
5874
5247
3831
1068
3202
8145
7517
1951
5257
1650
5274
2446
8673
3945
3445
623
9209
2537
2158
6863
2533
4142
3854
7739
4106
2318
9048
6596
5553
1181
8346
7518
640
3795
6841
2311
3362
8340
1918
151
5560
3083
5171
8060
9164
8402
2698
327
1755
4697
8429
5151
9477
6951
6058
5658
1971
1241
1348
3665
6778
5776
196
4564
5428
4718
1200
8051
8806
6136
6250
4801
6556
2073
6511
6711
3914
6596
2872
8649
943
548
162
2348
1283
5612
7108
6181
1002
6948
7816
3326
6342
4568
4667
1647
6722
965
779
304
6767
8865
355
8762
1936
7969
6601
1166
2992
6946
2889
3124
3901
199
9638
8516
2813
4126
9602
4212
8742
4728
5745
7899
1056
9648
1410
7235
6607
5630
990
1860
7440
5614
770
5783
7342
4278
8031
3691
134
9831
9675
524
2788
7485
8452
6424
4311
8309
344
6401
3126
2439
703
8057
5230
9
6102
6604
7033
9945
2426
3620
4501
3757
7780
1685
3779
818
4702
3236
6654
9026
4423
8547
1946
4616
1437
2079
1360
6192
4143
3776
5609
7511
2379
1276
1929
2144
5710
590
5664
702
6815
9885
7866
6451
6561
8695
212
9896
2262
8800
975
8661
7382
8081
4125
7692
411
3962
3865
1653
9879
7036
7762
9483
9157
3028
1249
2059
4334
3808
4758
1462
2589
6357
3519
1541
9639
3519
9040
6157
8752
6347
5232
26
3220
7507
4636
928
9450
7385
4799
7878
3390
9489
700
8381
4649
4176
6609
4506
8637
788
2905
8881
9736
4777
3366
9458
6814
9456
1152
7535
7625
8386
21
7726
1902
6475
2051
4744
965
1771
831
8821
7886
2943
7359
5832
2275
2135
4773
7695
1274
1249
3302
2451
4111
102
3239
481
6151
4646
8661
2505
6425
4954
4380
3642
5607
8096
954
9840
6342
492
4327
7560
8415
1999
5725
4763
8749
5148
8438
797
1151
9284
5983
1876
7342
4873
8071
466
270
8457
894
7714
9509
2341
4759
990
3844
5253
8917
5340
5583
2453
6493
9347
8116
9642
5744
8171
783
6701
8105
3283
6552
4261
7421
9742
2626
6716
891
4322
1476
2951
8586
1446
7910
4991
1614
1845
1719
518
5480
7875
5452
3754
6139
9155
8879
2060
40
9856
752
816
989
4868
5915
8573
6515
7777
3745
4015
2860
6625
8224
5780
4652
1444
4591
6840
7647
9704
8704
2241
7977
579
77
3082
5093
6132
8088
3690
3892
6991
2192
5915
1446
354
9979
2562
9237
3404
1387
1018
6206
1538
3478
3491
6784
5836
2262
7227
769
6263
1427
9877
2459
2854
7037
4667
3714
2204
3106
7949
3067
5649
8376
1726
7800
3365
2496
2411
9280
5408
1166
6301
6542
9111
7359
6554
2312
333
6532
1690
9448
6032
6908
3259
721
8568
6795
1266
8615
9406
5500
7450
7144
7490
865
4667
1907
9744
4710
8662
8678
3279
5638
1839
161
956
6221
4508
3555
2692
1018
538
1055
37
5961
2432
4855
884
7189
8760
1510
6804
6319
5542
3676
3712
9064
3745
6433
9142
9969
3605
2256
3546
5007
9038
9779
6560
8344
1949
9958
2335
2010
6023
6226
1354
3252
8521
633
4061
5274
2749
1982
2438
9662
4005
3090
7956
3713
1025
5337
7235
538
4192
1820
9575
6370
3572
3604
7860
5452
2814
7741
6543
7279
8324
6265
9077
1166
4600
7123
8378
140
3157
2496
1956
8251
600
629
5401
369
3924
989
7041
4484
6399
4710
9043
1546
637
589
9218
5671
4560
5598
5846
7953
3478
4980
1714
5591
6785
1933
50
1592
9632
8909
2781
9439
8279
5854
7994
3754
1589
6907
6063
6136
414
1076
6648
7708
3372
7650
5249
5610
4027
7619
3030
4698
8632
796
8134
1984
7132
7494
8993
1433
8196
6562
3081
4978
2588
5799
710
6740
5345
4683
1762
9421
3886
6579
3165
3780
735
1688
3128
1184
1228
9450
4922
6090
6906
7079
4589
4980
8007
5975
8139
9529
7621
1849
2639
2565
4154
7056
5450
7073
1126
5769
7062
9432
1973
3950
5819
1835
5077
7964
5037
6041
9972
1046
8386
978
7266
9996
4887
2489
1398
9702
5189
643
2658
1723
7147
1836
3412
5642
9054
6342
1234
4792
2587
4896
1372
8829
8597
4044
4217
7582
8821
8343
8675
7063
9689
315
748
681
6441
8360
2814
7966
6782
1989
3300
2782
4672
178
4230
461
535
2164
6054
8614
9954
6473
1558
8064
9005
7348
9227
4180
306
6561
7752
7968
9830
3200
9216
4857
5905
5774
8236
6359
8703
5129
4711
6729
2947
7706
2461
5581
7153
5171
9799
6644
3297
5484
313
1425
4981
7208
3523
9445
4461
978
7341
5156
7610
7472
8582
5784
4884
6354
2942
1552
6434
219
6640
4977
1440
2416
2352
4095
173
879
4656
7484
2986
5297
5662
2731
6367
6010
4970
1957
7857
2180
8282
7552
7026
7063
4129
2320
4951
4182
1284
9884
5597
6347
8405
7404
9898
5158
7743
3230
4311
2410
6398
5508
7514
1120
2874
8897
3081
9019
6829
2011
9258
254
5623
101
9266
1278
7771
7358
6892
7004
7969
5624
7220
3982
1710
7028
7
5444
7506
1394
77
9512
3541
7470
9374
1413
19
6810
5420
8648
6362
9594
2344
6136
9745
6607
3825
2127
2587
1329
5363
1620
3815
2004
885
7554
5461
9422
5423
5124
3165
9519
5460
3925
7865
413
4845
3914
8922
6253
7675
4682
2166
4912
248
9822
5411
1463
250
1508
5315
4081
3572
678
4055
8501
6359
9387
4255
486
1337
8472
2372
4412
5527
9574
4993
9731
8864
1250
5673
1048
9
3350
9695
4997
3298
8947
8528
4554
9419
5686
7835
5879
8902
5071
7852
8111
5900
161
6744
5604
317
7371
7304
6420
5691
1124
2086
5614
9411
9186
1099
2327
2227
5300
3794
7781
2475
7254
2478
3641
5304
1362
2475
9985
5436
6909
6159
1091
1618
5683
5166
5464
4288
2155
2110
110
5439
79
7964
3846
8445
7123
5180
4561
154
7701
9256
4940
1348
2238
2536
9853
7532
9499
8467
8675
4533
9996
5137
4277
863
374
2448
2742
8759
2320
4400
1502
1137
8145
2489
1984
580
2709
4043
5717
7208
9769
1492
1600
6936
4650
8340
501
4476
331
7542
6768
1009
7816
2861
5718
5600
4199
8408
6605
4181
1112
8930
1923
834
3420
9242
9482
1486
4910
3528
3667
4030
106
1696
8712
5692
5652
1642
9690
8080
585
9465
5124
6583
4294
4173
4417
7447
7323
1659
8513
3602
2911
3865
5930
4324
3469
4399
6121
9116
7520
3989
4468
6569
933
1795
5439
5516
7550
160
3246
5029
8244
8114
9810
1449
2594
9866
194
9429
2932
3678
7160
6047
6221
7011
6013
4711
8846
9487
7641
5688
7015
2476
3363
4464
726
1666
3189
1705
1181
6944
3817
4606
7575
2080
2033
5358
6286
5065
9793
9592
93
8552
7847
397
7312
7148
8521
3339
6442
7447
2865
3415
2266
6153
6921
3275
7584
1898
1968
5421
4149
5825
3406
4809
4271
6071
6953
8223
970
5799
916
894
4894
5240
5007
125
2484
8994
7968
7965
1348
9802
7153
9990
9564
6202
7063
9685
5740
3713
2117
8819
3144
7191
5790
3602
6603
5822
4085
6971
6037
2329
3638
1546
462
1679
4642
6091
8220
9559
8714
7278
9546
7356
4830
5479
258
2699
4230
3661
8978
7721
4224
3139
4311
6962
9617
5528
1450
3036
8808
7858
8980
9735
9592
9628
5164
7905
4621
3460
5235
3588
3147
8443
5643
2995
404
5565
9892
6652
7815
1202
6024
7114
5076
1124
6184
7092
6347
9909
5799
7585
3059
2420
5080
6880
2928
5796
7500
3840
3923
9410
3786
6335
359
5857
1027
1103
6879
3628
6397
7662
4831
6906
6727
8092
7641
1720
8820
3382
8540
185
2553
1273
4408
1219
8299
5658
8304
2823
6479
6836
1512
1494
9147
7024
5246
2952
2469
1725
4181
2184
84
8840
2215
813
5323
7198
1367
5882
9206
7174
3812
1200
8396
4305
5601
76
1403
5529
6896
6659
2789
1019
6633
130
998
1113
2398
731
7916
7689
6984
2692
9403
3762
8461
7715
1368
7207
4864
6074
3704
8150
9810
1343
111
9342
7885
6453
9440
4923
1290
7644
9886
9932
8270
1899
198
5986
4816
972
68
2292
3570
4674
7108
5067
751
999
7507
9042
2088
3344
985
8991
3639
2429
1076
5057
1456
1358
475
7881
2358
5610
9933
3390
101
4784
9910
6792
2111
61
6694
6816
1080
4334
7988
8929
637
2110
9174
5628
5081
6039
8384
6592
4036
6789
2730
9799
947
8930
9754
1548
9196
9357
4492
3399
4534
417
5101
9642
6134
4693
3047
968
5173
8488
3190
2563
1136
6434
1289
4535
362
2649
4662
3832
6969
3840
3546
6901
9418
8787
7032
2640
8584
4411
6036
8772
6694
1445
4346
6019
6966
5263
3206
5828
3674
7409
199
9033
5101
9186
5750
999
1322
5762
5485
8180
5810
8306
5690
2635
7347
8670
6538
3132
8153
4377
4054
9315
4098
8789
8017
4600
4332
2136
3340
6749
5302
3599
8561
6407
4941
4589
4147
4154
65
9771
4585
3555
6060
8351
6519
6331
7790
4840
2865
8128
9565
5057
6304
9032
8417
1718
8889
895
1574
4617
4813
9859
7674
8991
958
7487
3637
5518
9328
6663
4226
6673
6199
9562
7894
7782
3459
8082
9248
5626
5053
1372
1188
8481
7450
5019
8172
9841
8972
1799
2927
8385
9006
2523
5136
3337
303
4988
3400
9931
8741
1826
1407
7785
2997
9761
1218
300
4754
2895
2447
3961
8165
4670
2252
8881
2532
1552
2664
3316
1528
2630
7131
8869
6917
6177
2426
5784
6624
8154
1267
7269
9331
2358
9950
2382
5401
9755
4015
6855
482
7828
9771
8709
7868
4348
2570
4747
7760
5159
2379
1837
8596
5972
3975
5868
2953
5775
9715
7725
2775
8852
2421
9401
939
9528
4818
9831
9745
485
5346
810
1596
7867
1327
2594
7156
7419
31
5750
7792
2750
1088
318
1670
1821
3918
5066
6304
6155
5069
3704
7702
4137
4237
8420
7666
7598
5341
1735
1969
3914
7477
4561
6268
484
3060
7990
7057
5073
6671
7115
5240
5265
1764
5129
8409
2595
9119
4049
7006
4074
1965
8548
3334
1202
3941
3727
9464
378
8999
9409
135
7256
8133
6918
9728
3903
8942
4539
9423
4862
5178
2822
7610
7645
6786
2141
3203
1713
5878
739
5078
5547
7818
3550
3029
1360
3578
3512
4933
5690
8272
7381
2907
7135
8445
3093
175
2538
673
3157
1801
571
7387
2200
4102
3048
2188
3693
9849
3706
1614
8977
7156
9389
9079
3710
7593
926
2108
7906
3248
8822
5294
7458
6401
5713
8646
3042
3192
1456
6543
3102
2091
2485
2208
2641
1018
4730
1776
163
8063
1732
5165
9087
3402
2351
4278
3449
2277
85
913
2110
553
1166
1836
1169
8035
156
7568
6365
5789
4655
4974
4577
5390
1586
95
4335
6295
9479
7139
9718
738
6591
6436
9083
2914
8811
929
3766
4532
7194
8352
4987
7957
428
4606
8312
3408
1627
9376
8942
8932
2906
4365
9127
9526
5031
6215
4518
7511
9910
5024
4014
9440
3688
8113
3673
1427
6255
2265
5048
2000
7194
327
2095
8663
5380
5999
6443
2965
7791
1899
8619
4813
513
929
5651
3441
3613
9453
1965
6391
7539
8780
4864
2645
1225
2767
4577
9577
9343
2391
8095
8055
9246
7828
1187
5100
3947
6057
7613
2743
1471
7881
1215
8611
7003
4961
6800
3371
4612
662
6304
3653
9402
1306
8945
9663
9916
9307
3866
2481
5084
2245
5650
7299
6433
1614
2948
1382
864
853
8842
3074
5007
9772
3769
1172
3588
2431
7407
9196
2726
6517
8271
1916
4620
3533
8967
571
8903
2143
980
3369
7464
283
2112
9633
1805
8788
8568
9790
2497
2553
4380
8362
4022
2077
1222
4155
1989
4762
4900
8690
2016
6553
9607
8411
4073
2271
5211
950
8602
3017
9365
5028
9265
5683
5871
8992
2432
2741
9965
8711
6363
9684
1421
3086
4692
9031
4156
9116
441
4064
1578
362
4977
2161
1239
259
1281
3974
3546
5111
6924
2754
4392
8083
6141
8269
5420
9963
157
1291
3319
1100
7832
3209
7329
1141
1227
1323
5705
5127
6649
2984
3206
9700
1905
9736
1313
9340
3210
3672
1377
4451
4425
4804
1762
8844
2391
454
8631
6730
8985
6475
7406
7373
5010
3913
1291
7686
1574
6827
8013
615
1484
7208
8367
9066
1667
9043
7095
1141
422
2430
4728
8769
9974
5054
3784
5988
3464
7683
3828
5559
6613
5447
2735
3759
6723
3635
1353
1486
4864
8061
789
3530
1642
338
4873
8406
6198
6439
9984
3394
4250
1279
2961
971
9466
4738
453
7788
337
5891
5187
1850
8450
992
8464
7158
6685
7111
7244
9428
1352
6547
603
703
9797
8510
9634
8828
4361
6505
413
5089
1207
7907
7596
2160
5859
4280
5330
5148
4286
2282
2246
4724
9638
1265
39
5524
9518
5935
7795
5479
739
9156
1205
238
9690
7436
9263
5403
6598
5783
7031
4266
9634
4338
4294
4740
257
9930
4545
3588
8077
2552
7501
9025
1306
541
2438
1398
7067
6753
4936
2196
6162
3908
5886
1089
6795
9998
6652
3409
4199
6500
4867
2742
4850
123
2660
6225
4830
306
7603
9751
5457
7433
2236
2128
7812
6491
6441
4513
4610
6518
4583
8624
606
5087
2618
8532
1780
4551
9460
6999
4226
4621
1284
2415
1745
8689
3259
7221
5543
9139
3855
421
8568
8922
638
3137
5240
4694
4917
9122
1195
14
2399
3338
3638
590
4695
8703
4924
3178
167
2374
8403
5371
4505
6702
5073
3193
9600
5745
5930
9927
7643
3880
541
2371
7058
2770
369
879
600
7534
1207
9924
3867
4367
5518
2375
9862
4772
3943
3194
9162
5158
5306
5042
8644
1248
3613
5031
6562
7536
5937
1112
1551
9359
6171
6373
8138
595
9671
5329
6758
4599
2948
5102
4760
590
1816
2993
1158
8569
9383
7502
108
8115
6460
5206
1067
1768
9143
2328
1579
9756
3308
544
9377
2473
8426
9830
4454
6077
1606
3748
1578
1165
7327
9587
6875
8319
4363
9107
7302
267
6870
1543
5261
773
852
8938
1688
8766
2415
7129
7691
5631
1827
723
891
6060
7766
4106
1249
962
2992
2512
6534
5010
7888
7741
2355
8746
7434
1987
4271
561
6583
4510
6045
1480
2279
3670
3477
4465
9387
9622
8374
6347
7717
113
8314
6575
3926
9167
2928
7871
5248
1902
6474
3539
5211
2826
2017
3195
2205
2492
715
1602
7176
3061
2319
8794
3145
3942
8623
8276
979
8759
5245
5925
8528
1290
6718
60
6333
1069
2428
9653
1662
9525
7866
2966
1940
6124
7723
150
5500
5592
8491
2868
1412
4120
439
490
762
9812
4868
1374
4353
1187
4198
215
4052
2963
9215
1692
7758
2232
1102
5599
4280
8298
2300
4591
729
6142
4133
2985
5311
3652
5098
6363
4877
962
4892
5980
995
9092
3438
9305
3451
4350
2264
8745
338
9682
1121
5122
4468
4363
9549
1362
1467
3279
4434
5743
5260
8794
5938
540
1280
5228
7435
4067
9625
8702
8073
2480
6981
9878
7489
7960
4171
6696
9207
1416
2962
16
5181
9766
7465
748
4600
3409
3624
5670
381
4061
7117
3776
331
618
1885
6509
8542
5812
3249
8137
203
8580
7038
1137
6574
3261
6260
3040
9423
8735
2525
4270
7215
6875
7686
9142
2304
9285
4643
7074
5853
2965
8724
9485
9189
4958
926
1482
1290
6477
2556
9690
2475
9941
2092
165
7426
7667
6835
4885
6870
8455
9265
6672
1166
5876
8585
3063
9773
9043
7477
8375
8992
3364
4475
3714
2664
986
5653
9818
1167
5158
2889
3218
9798
6030
5653
8566
5545
93
9647
5934
7136
6668
2569
7358
4575
7301
3648
3592
783
1270
4167
1024
598
1555
9758
2656
7930
8524
9980
2730
7873
4826
8203
374
3642
8675
4733
6948
6491
7251
1737
9813
8370
227
1338
3226
2954
6701
380
9678
733
4760
9120
8973
9456
8412
4089
7493
5432
5539
6671
9658
8790
7504
5375
4032
7057
3581
7947
3129
2598
3054
4318
6687
6628
3540
4328
7728
1722
364
6983
7464
8702
7556
4181
5823
7873
535
6077
794
2702
9965
3356
2737
216
2142
6391
1754
3846
9629
5907
9139
8242
5991
3747
2615
4137
5474
8423
9040
5202
246
5661
7116
123
9347
7242
2508
4227
4122
9929
7935
3413
6349
9872
6187
2783
714
6310
9568
7521
1480
2672
2839
3386
4038
6225
7622
5489
2044
3767
8502
8077
886
2373
3717
5059
3912
235
2904
9402
2869
5718
2147
4208
1985
8045
682
502
9231
9317
4299
2228
8568
6018
7497
2775
6594
3733
8786
7602
4076
3280
4303
9576
9203
7739
930
6770
2720
9591
5571
821
8127
4475
9942
1671
4970
2631
798
7836
798
1766
7383
7923
7630
7174
4158
6808
4972
8184
4755
5930
6060
6391
4175
270
9686
3520
1153
951
7678
5272
8648
9404
8981
494
3732
1849
6999
7672
3722
3395
7184
1631
1911
9878
1368
8302
2366
4997
9175
2079
1407
8016
5097
7726
7612
9900
7237
8255
1707
4734
7681
5190
7075
7886
7472
9973
5733
3039
8608
7991
726
1909
9583
8463
6830
680
1061
8599
7206
7388
1894
554
3152
7758
9210
6094
6460
6414
1286
4828
4365
6881
2622
7888
9601
9174
6854
9913
3489
9909
4948
7288
8165
2462
2761
508
5794
5117
5358
2223
7971
6253
3193
2934
6903
4424
1086
963
8876
145
8327
6510
8967
8106
3315
3037
9234
4609
8085
417
3394
944
607
9466
4251
8417
264
5463
1583
7813
794
3181
4495
9689
7632
4904
7314
5260
2622
6342
8484
3414
514
737
7406
3575
8904
3597
4486
2655
6236
6578
4125
4651
4818
2412
7956
5356
6962
1532
8673
9141
7321
3457
2104
6665
9254
6667
1997
6568
7986
2531
777
392
1279
1002
7257
8831
515
8997
9967
9029
9293
6554
5201
2480
2689
8730
8128
5040
2055
3163
629
8604
279
5573
4478
7493
3340
9647
7678
9939
4341
5488
8370
310
7603
7003
7105
891
7981
8773
5978
8561
4885
4950
2904
5779
9109
9191
7173
1958
4263
2515
7941
202
3548
8979
6087
157
7046
6199
9341
8449
6112
3192
7264
8586
3961
1335
9943
2842
7952
3830
8819
7750
1038
4765
2383
3386
9603
8439
6238
4627
3264
1539
3605
6443
1028
62
2352
4317
6294
3045
5746
3426
6097
5755
1070
6580
8812
8062
7121
1004
4787
2603
9494
8253
7673
9381
3636
4832
4399
9542
6895
3748
5647
3981
7527
1991
5028
2363
282
6944
3421
3085
7230
2779
8674
3435
3564
1693
2722
2119
6842
6516
8325
3518
4847
6388
8869
3151
5411
8804
2515
3086
5928
6847
5734
6511
2977
4152
234
9145
7472
636
3453
8066
252
9712
6945
2307
6014
3132
1437
2091
4152
6098
2679
8421
9315
7159
4321
6687
3479
5370
9726
8716
8962
9149
858
9302
7059
4957
5258
9202
2254
2738
3868
1483
9279
3623
5341
8178
5448
5964
9977
5206
7581
4578
6613
7971
8569
3432
3795
4733
4715
5436
6330
6752
2566
9369
1676
5755
4534
9060
6130
135
5410
3991
1887
2271
9656
567
2306
1744
7364
8330
6994
6855
8344
4967
2776
8904
9163
4694
6865
8300
2868
7363
966
5868
4800
3019
9541
3017
3042
8487
4767
8866
7024
8435
1422
5638
2868
6787
3257
9085
1765
7968
8021
9337
9194
4623
1115
219
9073
6421
4920
44
8631
6216
5297
8129
81
9478
597
3017
4414
9737
2913
6688
6976
1496
8158
8376
5691
6209
6515
9384
5409
3806
865
3280
2276
2590
2877
4387
5700
4101
2758
8446
8269
1567
2153
478
9667
6345
5807
4494
9406
9769
3095
5705
4365
3049
5854
6789
6783
2183
472
9838
5862
1739
5606
8481
1037
8870
4411
8125
5986
4356
6272
1585
466
488
5072
7829
1016
9662
2331
8035
3772
1494
9156
4849
5004
7109
7230
4249
7523
7791
8663
7094
7281
9900
4652
1438
3888
6937
9233
3025
7022
3696
8748
4589
6219
6544
5257
4682
496
8835
5806
8163
6012
4319
8882
7402
4498
4302
2331
684
1329
984
2435
6476
7948
4482
7285
8844
5125
2955
2415
9679
3402
8829
3666
8576
9948
6616
6693
6855
8378
4077
3433
7983
7075
1290
9541
8069
9899
4732
5236
1772
7578
7064
2812
8110
3484
4333
9590
9471
3610
2473
9053
6482
1509
1836
2540
69
4583
2599
3035
3152
7095
4814
3237
1806
1125
5783
551
9273
6411
8567
8269
4816
1426
6706
716
2419
751
4022
5874
3215
9773
6571
5894
7382
9951
5604
3951
4237
7490
5230
3902
5409
9338
7823
6292
7503
5685
4150
8579
5649
5610
6164
7307
61
8204
1810
9952
3684
591
1902
5798
2170
9682
5421
2617
6358
7187
1572
8314
9250
2800
8245
7110
7036
4539
8773
5496
475
3312
7897
9052
6580
6571
6665
3143
5511
2628
4836
1519
7167
9961
5999
9763
9728
1682
5615
5943
631
2407
8062
5017
1253
561
1397
5649
8236
6158
5276
2229
5445
2379
5045
4914
2828
4809
9183
8213
8230
4091
6498
7445
3278
2181
8192
2950
6543
3136
4139
1132
9219
1000
2394
539
1036
3845
129
2924
4074
4132
3787
8262
9458
1884
1396
2398
801
5156
6579
6712
7635
854
5833
9118
9487
7764
6541
2252
509
4765
2514
4290
2001
5596
7684
9781
1115
5309
4246
3001
4223
163
8904
533
2410
1694
412
6389
2838
9545
7349
9913
173
2386
8178
2772
6104
9740
5488
6960
102
5770
4207
6641
1790
1428
5905
5332
9129
1270
6715
4910
2166
9465
9240
6426
4421
5312
9158
7334
2011
8523
2666
9171
1365
1581
9058
1531
1447
8126
3936
8468
5915
5033
8783
1873
2572
3810
6947
7811
5111
6375
8502
407
4083
7943
5421
223
7939
8189
2771
9477
61
6436
8804
8382
9724
2339
8557
3650
7051
1894
1825
646
3754
5936
6826
4781
859
4896
5242
5132
4461
1174
4757
8612
4302
5274
9185
4850
6456
4078
4665
2134
4047
8831
9615
5317
7705
3186
8394
3240
8975
2773
9589
8381
9175
3244
7107
4076
2783
2121
5348
4417
9846
2371
5022
3196
1447
1024
5514
9640
2813
1140
9827
3419
5837
583
8299
7667
9975
6906
4887
5482
2364
3635
277
898
1176
7691
1234
5534
3301
169
3977
8155
9780
5494
2143
8786
6479
7034
4333
9309
9931
1268
9509
9410
4937
638
4129
3359
4616
8408
2725
2598
5377
1319
7952
6935
4936
5246
1143
8241
8067
9137
6575
7352
2766
5331
2732
8703
2107
6645
5889
2604
9333
8090
7492
8785
4665
316
9863
4322
6218
9030
2574
7812
6151
3058
3629
6998
3337
1806
4415
5967
3076
5817
5300
9849
2647
6199
5199
8726
2338
3348
1998
7527
9818
6511
132
9016
8518
9820
7995
6326
1318
1866
1869
6325
7599
2486
5121
9055
5254
7820
3894
1196
2382
9651
1762
6022
3181
3284
6167
3775
2945
1416
8861
2243
2321
4819
6903
8481
2679
4991
4512
3724
9577
5858
1570
4064
7713
3709
9924
7646
9426
5605
6643
4538
6667
1121
4986
9986
1269
3562
1286
5128
5393
9750
5998
5795
4385
6395
1490
59
6224
7817
5255
9293
8903
7498
2121
1130
5510
9877
9169
3194
9113
9026
29
6934
2977
1368
3816
4308
4194
4135
8787
7036
6915
2095
5259
5854
6137
8498
1844
5186
8609
5103
4347
941
5628
8392
3120
6267
212
8299
4666
6590
8947
8272
7942
3170
2026
1527
372
8529
2051
81
2712
6896
2064
4114
6303
1423
8416
4632
3024
5189
6373
8680
3862
5850
665
5682
7335
9607
8748
9579
2159
9007
13
7336
3067
7046
5205
1723
4926
262
5357
1848
7216
2836
1967
9848
4540
9234
7497
1340
7379
5204
1704
1754
533
3374
8076
9949
8381
8354
9105
3319
9276
2202
5944
4996
7782
6196
7014
6136
1525
6730
7470
5129
7694
9024
939
5452
3085
1328
2309
8033
5487
4414
6838
5607
72
9718
3778
1780
1806
2009
8604
471
6330
7745
2838
472
3131
2641
8479
4134
5926
3687
9595
9876
395
5994
1223
6604
3447
6713
4338
7029
5526
8841
7542
4114
4316
2925
5315
2996
7054
1635
1731
3272
304
3361
766
3145
2086
3896
3982
4730
9047
3668
4864
3517
4660
3762
5585
1203
7275
5845
5365
2541
1502
3421
9095
2106
333
1373
4048
1720
74
1357
1152
2745
3853
1528
7899
492
948
1470
3395
2178
7664
1437
7472
165
7284
370
8580
775
1380
2476
4484
4077
9922
337
1665
5270
2407
4638
9482
3969
6441
7016
4306
5531
423
5299
3311
1314
9912
6125
6285
8803
7479
8024
8666
8869
3128
6447
4501
8393
9931
4175
5819
7408
7934
1676
6834
7181
1821
877
2060
6024
7427
1843
5834
7435
373
4124
2785
2427
3266
40
7571
5716
1073
8479
7402
7102
4295
8792
4043
31
9487
6074
8104
2249
5123
332
8322
7233
7498
4700
7342
4747
3009
5457
9260
6473
8942
267
6189
9917
246
8218
5559
3777
1941
2917
541
2331
5673
4213
3598
1760
6158
4958
6273
98
3718
7598
9988
3476
3542
8766
4718
6213
7447
3828
6953
5907
3985
1658
6272
2611
2869
4738
719
3144
1153
9789
1006
5071
6769
7270
8581
9157
8608
4841
767
2856
9650
9887
1045
8430
2986
4394
1034
6538
8330
9705
2047
2430
9330
4188
8112
2588
6769
5961
2
3137
2375
7524
1625
6645
3449
3509
9346
419
570
2570
238
8522
9425
7441
9557
5619
3606
1052
6312
6912
4709
4741
5966
7046
472
2841
442
8271
1916
9969
1700
1115
6573
8954
7362
4245
6633
9713
8809
7952
6319
5847
5934
7510
6239
6951
8387
5933
5171
9183
3286
5007
5339
4521
8021
327
5355
74
2968
5719
1670
1274
4064
2613
9234
5569
7389
8539
8070
3369
3786
9736
2462
5136
6372
7753
3198
9382
4473
7475
3312
2226
722
3714
2886
3971
92
6770
733
7786
1747
2994
5350
2036
7101
2331
763
7901
5653
2335
1963
8174
1593
145
9562
4208
540
6807
8881
6918
9015
442
9714
3972
3057
2940
2357
6169
4500
4714
8119
6292
6815
2566
3208
7383
5390
4697
4096
8112
2654
8065
4388
4402
5248
5197
9701
404
6598
2342
797
716
6666
9256
8001
7042
5295
6718
2058
1905
911
4707
6742
4290
1964
4870
5222
6458
9616
6690
3984
103
159
840
5426
9988
7323
1753
5606
3493
9194
1679
6936
4775
1929
9776
3935
5848
3050
9409
5558
3962
3677
5013
7291
4354
9767
6321
4778
8506
586
3290
1620
6690
7717
536
5485
1160
8177
9186
4352
8448
3517
9944
3099
6848
5946
8419
1275
3449
8516
1616
6020
6298
6318
1476
8959
7372
6050
4580
8118
2190
1557
1607
816
7341
8587
9461
2722
9523
1754
6302
5034
8481
743
7427
4780
3336
7002
5049
1487
9169
1889
2115
931
3465
5821
4763
2622
2602
2461
9355
49
7794
3975
6834
7973
6324
4709
9486
7048
1019
4505
8174
1850
4926
2944
5610
9137
125
8839
9395
4618
2585
4707
3971
1791
4446
5027
2987
529
601
9424
3025
9781
4394
8157
13
8867
9780
4112
9494
8718
3602
6943
6083
8247
9350
4198
6502
1573
6949
5331
4059
8024
5547
4183
9891
2526
7738
55
6867
824
5683
8684
3765
4189
3525
5901
3420
7008
7663
3770
972
8237
6101
7186
1976
3592
3916
6754
6760
4391
2414
3189
1069
2041
5340
7450
2135
1270
5739
4851
1285
5414
4233
4952
3645
153
665
3015
6189
221
8136
2035
6172
314
8336
3515
6374
5218
1948
8715
5020
7851
3291
8192
8230
4921
2378
4633
7067
2383
8519
144
1068
1637
7658
4306
8802
9890
5416
1063
522
4632
5670
6429
7654
2914
4481
9858
8579
6382
5317
2998
8736
4849
6359
6066
3632
3553
5968
9898
286
2239
8564
6241
5703
6218
2342
8278
3888
1320
3890
9473
4658
1018
856
7283
7161
6224
6459
1598
7871
1570
7100
9826
4080
755
2977
7450
3988
5884
5758
2262
2029
7229
4101
2809
8108
6009
6237
8334
3645
5260
5679
269
6
8457
8027
3379
5615
506
8506
7995
8994
8441
4172
7410
5769
6004
1363
946
5255
7010
8491
8919
6917
378
1383
5167
5844
6808
372
1505
394
2456
8251
1101
813
1081
7871
5069
8430
1092
9117
1173
1677
6214
5159
1314
1917
2419
3504
7535
9677
4178
2784
9889
4194
7269
7489
5754
7978
1965
7525
1233
8294
4861
6314
5236
3461
5329
871
1577
7040
6807
8391
1370
7926
510
9119
3114
5186
3329
7039
3618
8272
7278
3061
6022
6002
3298
6907
9320
1212
3134
4778
7982
70
6695
3352
4936
7805
6097
4907
8751
9072
4966
6202
3113
6887
5521
4743
7133
4582
3278
4202
7174
2925
2973
4140
3318
5114
6700
6652
7148
8397
105
3179
6725
5544
5644
4122
7730
1409
2486
7568
922
2065
5701
4977
1022
7196
5687
9690
817
2818
9608
1583
5651
2350
9167
3312
5313
1467
9641
7113
854
9362
7396
6071
8122
4160
8052
1002
2845
4562
7025
909
7584
5451
8115
2228
542
7966
9838
9160
2078
539
6774
6015
4713
7205
690
1755
5314
391
2203
5846
6490
437
1633
5566
2482
1040
6477
193
186
5365
9139
680
5379
1313
4726
1573
6598
8226
3873
9159
4514
7150
2670
5376
5373
5911
8821
1630
1190
6071
7147
696
8094
1203
1077
4720
8358
7211
9581
458
8077
7393
5119
2617
657
1920
4441
4373
5075
7981
3924
6094
2456
9410
2332
1160
4817
8064
6575
1915
6931
9923
8147
2449
5873
8374
4419
7681
2698
5453
7030
4450
6659
2040
8654
1860
4863
8041
6915
4837
5965
7131
8154
845
742
1554
8436
197
9314
8083
3737
6625
4442
9023
8153
5689
9627
4885
6765
6503
547
6285
8290
2007
7509
5889
2012
5340
6890
6068
5148
7063
8489
8094
9316
5286
4145
5451
194
3429
6048
4388
807
1006
7132
7650
9375
7296
3103
4143
9087
1900
8486
9464
8955
3461
2590
3567
3375
2484
9116
4369
8349
6911
6830
7111
8341
5986
2517
3874
8789
7850
5009
6826
5668
3470
2810
1978
8123
7727
6178
5904
780
7784
4105
4719
8048
3292
3026
3718
8628
2758
2320
8274
7252
9853
9065
6476
5993
5260
226
1724
6654
1652
3460
4183
2088
9608
8730
8914
4625
962
2037
4020
7020
965
5521
2943
5954
6508
3720
3404
142
4838
3514
1168
2155
5070
7323
8139
6419
5937
6662
4057
6017
1544
5620
3928
8498
9740
3274
7479
7180
8129
2425
8735
5995
8712
1009
8864
8698
3491
6725
1784
800
2241
4068
6450
1879
3627
8987
675
5752
4108
2466
5389
6226
1525
3568
342
9661
2003
1783
8622
3226
4415
2440
1065
8937
8309
9559
6154
5113
3717
4302
962
4957
8930
3923
1204
7909
4505
7637
8898
7804
5435
2396
7135
8076
4233
4610
5999
6221
7602
4038
8452
8831
8183
8140
9334
3759
6876
3057
5783
6684
6168
5498
5060
4887
8319
4381
681
840
4469
8717
8131
5996
3867
9158
7698
652
2038
4633
2798
8997
5748
5590
5439
1972
7323
4306
7289
4240
8887
1587
2013
5988
496
4969
1562
2870
8553
1342
4408
7082
1949
8346
3065
8753
2516
2481
6508
6632
599
8448
4778
5335
4402
9727
5735
7860
9972
5957
5967
5101
2172
3122
3479
1335
4807
358
782
3140
8780
2584
9572
7291
9471
2102
7484
6864
5549
7865
3789
2409
2905
8075
8447
2797
1509
4786
4536
438
9629
6432
9471
3817
4568
7485
2606
7192
2727
4378
3892
2738
5709
2921
5641
1775
4409
1009
1205
6301
1925
5514
6605
5406
6823
3032
7059
963
7574
5926
8247
9867
2199
5064
3779
6947
9682
6234
1865
1708
6915
7352
8134
8656
6315
6044
8385
3618
2097
6975
1007
8252
6281
6257
4466
3607
9085
3890
8968
564
1470
9893
8705
4023
8328
4779
1058
4370
5409
5380
4335
4179
9981
4834
9253
7259
2033
715
7019
9557
4873
5728
54
7141
8535
9518
5296
16
6606
4746
8048
1145
9147
6270
4148
3147
7213
590
2494
3023
7958
2657
4989
2469
335
9324
8570
1157
8393
2388
3835
4079
2178
7773
4419
5400
4514
8
9422
2345
6400
5358
2514
367
6816
6023
7128
7968
8206
366
8359
7723
2458
6839
7618
4343
6385
1864
633
4149
6052
8318
7191
7840
8428
4982
7142
7517
1636
901
6625
8237
9288
1631
9408
1689
1450
9211
8619
7604
1227
802
6395
1138
2829
1639
1840
732
8183
2306
4773
7354
5673
6658
1270
5940
7561
4335
8910
503
1688
9105
4886
1987
263
5993
7800
357
6911
673
8417
5053
8464
1176
3629
1617
617
5476
7603
8635
4451
4325
7393
2114
7809
1162
5487
8476
7485
9083
6013
7316
2996
4092
6770
1566
8413
525
6960
5409
3014
7883
9504
3426
625
4792
5865
654
8068
1713
2506
7017
2931
3891
9488
2279
2955
1985
5271
7939
8946
9493
852
3423
469
1495
4441
2494
9696
2984
1522
7783
4336
6241
8176
2510
1115
6629
4187
1191
1773
2305
9243
9202
4878
983
8420
2143
3165
4428
6124
7122
2095
3419
2403
8875
7725
8562
3373
4476
6616
7862
4754
578
9960
1618
9011
8983
1728
182
609
4186
4708
6784
4907
3715
1598
9615
7118
6496
6455
2454
7420
4887
8190
1864
1467
1702
8207
273
2683
6493
6394
8553
3693
931
5563
609
1668
5351
5351
6407
7680
1077
394
2250
729
9457
5791
3831
870
5822
4292
9580
3951
8166
5425
3548
6729
3142
8499
7736
7856
7776
3869
201
3229
6876
2598
7881
6309
5097
8258
64
397
8561
679
3890
9470
5956
9656
4650
7515
9627
8041
7585
3453
7425
5689
2559
7123
2884
2028
6112
4907
8884
7779
9452
6456
4506
5738
3483
6279
9135
4527
2249
9164
6240
2027
6300
9024
560
9960
5244
7597
9225
6492
9743
296
8460
2122
7377
7495
4216
8026
9644
3417
5548
7700
8675
8821
719
3601
2575
3232
4185
9114
3556
5248
3136
5457
8532
9722
8641
7378
5943
6134
6526
1585
9073
5951
2258
3464
8891
1265
6814
104
1640
8777
3677
2703
3698
4472
8650
454
4524
9382
384
5912
2742
4545
8440
2430
3222
9991
9760
7616
5731
425
8389
2851
2575
1465
3776
8060
93
4399
1676
7015
1717
9586
1888
7788
5499
8735
2800
886
7593
1567
3295
1234
5660
8062
6336
2424
4828
4361
8825
6031
7510
5003
9799
370
7133
1745
907
2578
2098
6537
6970
3134
7439
298
6889
9891
317
4094
6887
5201
5824
6043
1575
9000
5327
7736
810
9319
9684
4340
2088
7905
3447
86
7186
737
5774
6163
626
9622
817
5506
8650
215
8079
7069
1300
9554
4012
6467
6554
2048
7605
7945
6960
7433
9611
7373
9062
1504
2009
9926
2771
9925
7572
6942
6992
9559
7810
306
9722
4061
9182
1199
2577
584
8747
2853
7902
1501
8850
731
3433
7762
5472
2021
7770
8239
8044
1764
7180
3413
133
5863
8666
6551
1388
6483
4132
9168
568
9919
5165
203
3006
4362
5796
9858
2304
5944
5535
3929
3219
6164
3337
9195
2239
3647
7599
1310
2354
7474
7585
1360
4502
1817
5230
5580
5363
7396
7537
6780
8717
402
5940
6975
6403
626
6028
2212
1025
2173
4293
2464
2127
7989
7469
4262
1071
6591
3804
9260
817
1111
9035
8389
6501
6229
6112
1638
490
1894
4435
4480
9780
4293
2726
2500
9154
4399
8018
4417
5929
9754
4117
7122
1382
4030
6569
7189
9677
4195
4758
9293
9296
7812
305
8879
126
4455
151
5208
4034
4803
505
2929
6702
4335
2384
7749
891
9767
9860
7592
9782
9595
951
6854
8319
9624
937
6020
4030
6335
5255
7615
4607
1806
2672
5702
9956
6741
9787
406
7661
9356
4685
4023
3479
1110
9745
9336
9270
8504
3133
3526
8862
5789
8111
5211
3695
5944
6383
5015
3921
9689
3694
7089
8356
4494
3862
7859
6682
5753
4185
3611
3752
9253
1466
924
4939
3023
9643
4880
1316
470
4826
7961
9730
9341
8129
4892
156
2477
7691
3907
913
9064
4680
2608
1445
8566
1948
5620
2595
5654
9545
9699
9013
3416
5535
774
5335
9844
1035
4553
7767
2846
491
7087
9792
1412
4983
4552
9677
8888
1886
9059
1082
7116
6174
4140
1565
975
9068
7741
9849
1660
5933
3041
3917
206
3474
3544
3569
1801
308
4837
172
9284
3406
3572
6036
1390
9024
78
2607
2367
1698
1285
4938
6491
3128
907
7979
7583
6689
2009
8615
5093
3827
7027
8848
1184
9723
2209
4809
135
9432
1287
1465
5136
7516
699
8919
4727
3599
7082
4906
6745
5235
6778
7956
4229
7900
5918
5962
2046
1240
7499
4456
3002
9607
6334
5258
7062
5653
4509
5502
5647
9337
4340
3034
6518
4592
7679
4472
2822
9516
5125
6424
7380
5615
4622
416
4933
2566
4564
3776
9532
9996
5037
8995
3731
5835
9177
4304
8943
1173
8664
1926
5287
7265
680
7341
132
9094
6390
6826
4509
3413
8028
271
4065
5513
1016
5316
9368
5268
5253
592
8126
7332
22
4987
1741
1561
4299
6654
8482
7341
7007
5369
9712
7552
648
3019
6670
3708
9674
3809
4955
5824
1272
2923
6288
55
3070
8814
33
7397
5360
5621
9169
9827
583
8495
339
8594
9246
2121
2923
6288
3921
428
8534
7125
6818
5876
4363
1054
5737
7677
4576
2928
3687
1554
2285
3646
1259
381
2586
2627
3410
228
2385
6438
5809
4011
6184
7862
5088
1771
3545
3626
3640
2462
4586
3093
3990
2456
1620
3587
7841
7882
5296
6127
305
8721
883
5611
2793
1627
1510
3677
8860
4676
234
9039
1663
5369
8961
988
156
1326
4471
7882
3414
7652
9031
2869
4020
5823
7919
3327
9322
3213
615
8539
255
3297
424
3686
6549
2172
1854
5043
3826
678
2252
4695
5161
8080
6500
7481
4432
7720
8663
4596
2822
6276
5195
359
2742
6689
866
3535
5747
9449
2389
8722
3435
5708
2348
9018
7492
831
6492
501
916
2055
679
4164
5007
5300
1959
2134
1633
600
1708
3149
2736
4960
5458
5874
6396
5104
7806
7520
1858
1426
7394
3928
3033
500
9106
4949
3587
3322
9838
9802
8751
9401
4215
2838
3268
7871
5458
4282
402
2302
3782
5033
1044
1486
7403
5337
6198
5109
3427
7975
5339
289
3973
76
3439
331
6477
605
5284
6826
4322
6880
821
4564
5697
3466
2975
6394
6682
3460
6844
2108
2636
8565
8611
6741
8477
5156
1639
7681
252
8806
3105
9100
1854
2351
6014
4567
4361
1908
1603
7735
7553
1980
5579
4658
6384
9495
4803
1047
3517
7564
8656
3383
6835
682
9212
52
2337
5807
2505
7796
6150
318
9676
1553
5984
9822
4691
2092
8915
7083
1887
1582
2623
3400
2494
7292
7297
6362
9703
1629
198
9934
6651
8660
4527
8392
3250
9546
8170
2035
2647
2143
1003
8971
168
5397
2605
7224
436
2703
9227
2442
2303
135
9627
3625
7857
7387
3236
2360
9275
4619
1428
6962
429
6316
7286
2790
3665
838
1647
1523
4718
9161
781
2098
7783
4693
2997
6656
7947
9017
6964
8853
5591
4513
4085
6805
4132
309
5402
6866
2943
2050
1709
8615
4615
2409
3403
5383
7457
6720
4592
3519
6322
8336
1974
6471
1638
4321
9433
7949
4940
2356
8763
3017
8296
9811
9093
7643
8774
4228
5377
1050
1127
3815
5847
2173
7836
866
9780
8299
8430
91
7336
8334
3473
9634
5094
7787
2881
3892
5608
2829
8346
3898
664
4460
8025
8894
1768
393
1433
8661
6036
1195
1866
2307
24
8663
5664
7401
5797
9753
5565
696
7575
3036
8693
2217
4049
285
7310
4936
2833
4463
1667
2724
1974
7961
7994
3281
7236
9412
3563
7481
2302
3730
9140
1475
34
4034
466
956
7378
9122
9633
8378
4342
2695
7802
7454
2117
4065
6786
8955
8814
5481
8203
1940
2647
3703
4760
8464
3696
5396
1866
7892
8289
4699
6693
4243
6439
7351
6400
667
5250
9969
6210
3121
6977
2077
4523
469
9177
577
3912
5746
7901
7481
3880
4311
824
9293
365
9028
4755
1583
7510
5485
2241
5212
7588
4381
4048
9769
9283
5021
852
8638
7432
6079
7306
6034
9413
771
8024
5665
1153
131
3556
6209
9987
6639
1951
9164
6954
7582
791
8824
7682
5294
6583
5751
9111
4514
4231
3012
8998
9795
6690
1386
7248
4885
8090
9884
4496
8555
5444
2755
7512
8829
7208
7731
7964
7324
7534
574
7755
4559
4793
8465
7153
6981
4333
3053