87841
549006
284464
739196
513842
444476
434397
121514
668702
190105
182037
684871
856232
781717
946391
38217
392425
600827
803771
642505
37750
474378
405977
171445
692884
99766
343099
800485
698679
467324
770370
181608
936182
308038
632144
628852
952075
827567
729785
417829
436939
500317
936500
929031
970011
796718
47135
351178
795699
151325
235551
588513
593026
101738
451908
174150
306221
508190
883077
382107
767182
226111
336442
152257
879595
151457
866087
704218
38965
253852
40384
732259
554213
268827
944968
168714
390979
151115
656368
455172
855675
677890
278155
664030
933938
611072
79481
977585
439581
731839
748889
961189
489531
191952
987362
678428
708293
694953
388253
769717
936532
904634
218448
483642
739771
4223
504700
898144
262557
142641
169153
577213
328055
952043
650689
368977
746192
297323
245396
592658
585553
313742
866683
81910
292174
134838
696116
589900
890861
579150
313015
706903
22851
35032
67639
811927
440432
328513
370037
823393
786688
110557
534396
420594
431031
874429
672568
833216
679122
768978
948108
387386
669754
871903
948792
916185
690578
251356
8869
870115
929663
555126
565742
92613
797648
931768
341888
971299
351518
130481
809233
759663
473712
176200
471988
599268
168451
839601
127166
329280
74955
318230
476588
173317
104083
249077
332410
955645
683867
404443
441165
165228
723989
191062
532247
327338
339002
215407
600334
766992
716262
151125
85038
46225
461837
300767
63501
828927
452614
209083
459552
570633
255373
343238
902162
387372
115878
308849
726360
697078
955865
897351
529781
659405
991355
145746
352973
545121
43096
812490
56310
495208
941321
653065
578046
87
617627
712346
666753
223975
754705
186883
73351
871478
919229
639452
501619
708213
46737
621806
400434
494318
728969
302746
818933
255101
340267
81423
395873
645332
164300
404629
260767
307024
217655
431424
400227
298648
712800
213562
677919
933892
794764
190487
249545
642934
626518
847519
991248
85103
403623
212981
533208
854921
15443
14767
166496
893256
653266
161430
486706
805601
855903
810184
825933
241938
820440
931126
971018
783724
607160
614567
116590
344354
619053
195288
651486
830517
647350
338908
917149
586591
47743
480167
120403
450486
142903
659867
533588
636090
865536
689281
618195
257301
157087
31312
861118
228446
989958
290630
339773
634954
978189
301438
686721
928147
209466
844556
19243
202782
102375
918019
165442
208751
823029
783602
710707
561523
710148
295565
660074
504644
49714
806847
369355
242685
100871
442839
406617
880616
840217
523441
996261
643698
161227
442742
214353
306013
92689
170848
390286
717686
212770
527633
287555
542496
814784
485784
663158
969958
982168
551311
741658
220544
565689
946590
159778
214479
186011
331569
829020
197154
947302
622488
193784
648774
640291
828816
562521
734739
929526
366630
967832
940017
300817
212604
428371
99044
70331
528099
937975
967452
144545
761820
932440
405676
706621
762921
992762
131187
485578
724092
314765
157507
64923
789994
306672
138293
992161
297700
237756
310128
858176
438449
260872
893061
696307
157212
379577
46661
808625
314305
782517
381386
883193
3528
42415
940605
157134
347167
949917
673555
139912
358835
840020
689396
793260
662304
417017
444264
711272
516973
246072
944113
254846
647419
149391
79276
947112
273041
844723
185531
226051
953041
393062
455792
731371
29035
466426
469809
243543
450724
365254
77224
361138
229422
890849
884006
93819
864184
207072
865230
981131
290592
183502
601293
266911
154566
442791
301450
225626
426499
429557
116544
380744
33830
899205
300445
509008
544218
434668
165745
782976
471082
748998
318205
143608
961947
473349
837191
368743
52126
920532
281980
922892
656155
379169
923708
280184
280417
217121
240461
206987
629098
689128
910108
237772
584143
607394
614000
983760
499918
3116
366608
74128
837121
755171
266317
120097
640758
26190
146774
439116
750381
288675
121455
873500
929424
975358
294768
336437
243700
990408
881857
877209
379652
607847
894153
406381
181846
709131
138545
961273
306893
474247
316434
753113
166185
990964
105893
371728
19021
374558
501133
613008
971275
975726
994436
403978
301208
619030
954899
977857
906462
638830
604579
881118
909370
740957
217287
216625
306428
818283
41169
230696
524474
239565
958403
792767
686676
247034
660025
732110
207826
653651
9128
495216
990402
359628
819629
513496
199512
631828
390224
642857
725926
542854
386011
430931
275526
705877
486276
768609
371131
60073
786404
982001
524424
833404
297564
126462
565540
417823
283517
771616
164710
451859
350036
261427
394280
245962
261683
44868
337362
844851
623036
602258
279528
898044
634722
65919
253754
992896
737968
857964
970753
161702
581173
526408
845356
83999
720787
579499
52698
402662
799124
353617
35343
971905
842103
417896
105880
897472
734568
318310
546349
688545
196781
544705
696781
374996
561396
71804
827422
795697
703995
286294
518985
936147
32905
231564
144149
286081
740325
179926
731783
859005
432779
981935
768237
809705
921628
520678
15974
759169
200958
866578
734481
972281
735671
399772
768024
212476
526667
922896
981040
808297
209316
174410
609999
385951
402940
105595
248091
621164
177727
689983
62132
775736
60138
927247
755610
524645
109967
804284
403107
335094
543769
567036
500909
332348
199742
75339
516603
99798
882666
206446
628947
803161
292809
820974
562350
477692
731521
13996
619346
209103
402840
794056
369203
86070
527719
426753
740747
118007
837055
935663
228520
799543
744987
877935
318505
240339
940831
623809
255406
440784
468231
691390
228612
242009
952984
166637
751297
349481
249076
215093
66628
437556
681873
689730
490365
162391
491656
403741
535385
655479
546756
472862
873533
823296
728729
625032
596595
463063
293707
65328
529540
773810
457151
981294
418799
674477
675006
127462
220123
244310
229351
723946
486575
24403
620858
570662
4657
696971
930670
539380
525777
299634
494521
242367
916486
870757
919612
918766
455080
451864
37371
354686
953650
699547
633380
775349
495507
589068
713545
31530
487161
475730
645630
232679
226440
205326
6021
145160
561432
574363
110588
486988
131917
726718
554156
111116
489685
947292
219069
698926
354002
282133
71853
707106
84670
272501
275237
886908
704832
998639
709286
615195
106565
22363
342168
940690
168542
827548
196064
598765
650947
885266
255827
344674
579713
494152
513029
23999
839870
422823
647070
255513
123050
290365
495653
706435
390872
196921
670753
318855
769905
142380
852250
442806
462724
254833
272584
509568
76577
768586
784760
598842
381296
533748
451049
102385
905999
772654
853390
346528
531082
213529
969682
721159
839224
525904
329419
476311
250925
534677
999139
623854
712814
493743
276783
980446
475577
220175
940321
177740
450122
156493
660088
484661
579765
44013
126672
645027
117370
707781
225968
786926
111042
224683
283079
235477
390326
315920
213324
418906
757192
690778
390525
411771
196161
316107
754819
144403
95924
109239
539144
137489
346654
939254
933948
766288
911751
646189
716975
458591
609
388820
478447
971375
218907
99298
472913
819722
480072
945430
842308
862275
857671
760549
398826
376164
390837
161738
985482
763016
833922
221239
225646
746809
232308
949529
368996
375620
836133
121232
565844
721609
914328
265354
686130
559805
93592
627564
991987
551675
618205
320760
114452
822878
314470
622614
777294
98273
707958
470761
339250
136120
582082
475310
342377
303897
1107
490431
670746
550802
989002
615642
372827
984216
548751
887632
935417
827049
989063
890420
510089
318200
762818
182914
727020
65187
188670
610675
724446
844792
831120
402152
445257
912102
296652
340878
814051
251308
881253
377058
283183
345542
714582
747302
228999
878269
964373
455487
278009
33168
895716
118097
790674
572880
394278
827487
565602
189023
234189
175630
396884
352545
296586
659029
686455
418130
829706
487362
814505
178721
537352
699257
855866
783847
338733
665274
790809
96040
836255
761383
421599
895435
507069
314164
907727
191131
562156
557602
608495
621946
933956
659300
233954
761910
284210
72196
363116
798502
308545
914982
836001
52788
915826
312117
734722
964658
745725
312622
725745
693464
832752
507442
451858
641936
61302
355740
67282
467251
697562
861054
879980
13119
704321
908228
276351
675218
443454
993181
14802
228604
483958
406191
349640
433066
178306
139295
530322
314711
612029
283528
890390
951766
33671
744875
643808
63634
516924
241991
106825
163770
132490
574343
431852
462904
166466
447815
194146
241959
562245
874681
70727
707769
770646
634037
369752
438851
842588
678536
93976
67057
996557
398459
175899
786715
720018
378087
248973
159591
571610
724290
53187
850122
69728
221386
164878
301699
574560
434909
421678
981726
138823
715668
747057
758354
204986
361151
735408
998632
854587
645329
462416
544934
868328
167040
453021
795201
660735
986023
157072
280977
671250
716256
331677
339294
256896
405083
488250
178214
293564
681332
735205
919164
34002
78605
912902
34056
627030
796168
483518
791205
205717
942289
459426
427036
760987
516153
911557
603399
931199
623561
15942
502589
494168
50279
830975
499037
540559
104919
264129
495081
943548
496935
6259
763743
378033
2553
402466
520087
751202
573718
180201
469022
799457
508154
194089
234671
325540
325023
753967
336906
731206
854380
226341
477331
293076
990630
369626
490373
841266
46588
209047
272186
359519
654641
460498
40474
796815
955842
268456
375188
985062
745185
423801
648540
794609
851956
544266
510332
18960
638385
305036
397628
610234
698572
917605
298556
595932
714910
15367
880114
618509
986438
600895
697632
370257
179510
605002
251470
890687
804288
893008
207509
655692
331658
848301
477325
551669
189348
817858
217705
549892
340386
650312
557304
267029
132135
937952
922592
193634
724214
308375
961580
172702
145394
475511
868712
360052
484960
974861
682699
385963
231053
722650
199674
460205
850425
238553
983596
701316
501558
155595
412582
637199
400861
944273
80028
724377
928602
513910
411161
829054
607885
342117
104549
382187
790490
695130
261323
2955
697823
420034
98139
390209
785515
59168
478425
762157
554504
979951
4822
731795
351988
408538
606516
944972
524301
30807
277867
517471
798077
136982
693666
544980
186019
50658
245772
957849
221463
395073
807409
264407
557743
167912
122304
326709
636276
259141
727788
673316
269198
836825
936659
165332
83309
670884
961643
114917
536785
288158
146655
181386
66120
517784
587890
511958
701458
99606
689222
294859
367386
488350
741855
774696
551355
367957
988266
907001
945814
43173
236126
179235
343777
693893
70089
384024
772129
387735
115668
534158
499190
835939
162746
920893
969924
356229
256609
70620
123536
949151
964220
765241
494542
879170
757211
752030
545787
88016
270186
474415
431477
238569
309854
932568
308329
662432
714270
829948
223610
540328
274424
918980
929967
324381
251931
780038
477480
520115
301304
677376
959533
252401
680493
616152
207101
479329
856376
199472
999233
319309
355539
90403
133155
490397
702187
413344
840967
147961
615580
288411
746208
417569
714570
633141
90473
879685
365061
880085
551181
599728
825206
783908
477399
370154
768173
923046
938452
990001
105303
596634
896039
889905
980468
103357
587976
606066
573983
611884
865447
530587
102838
350531
149793
960621
855629
434312
273099
678024
158838
731768
857926
596921
699700
91366
847662
780678
353951
829652
647074
626115
839507
561699
39792
77045
694985
427035
935884
850788
525215
287932
728874
807069
759268
544433
117936
676513
306455
979780
551711
8651
138104
813587
929342
17981
422439
99854
224616
404737
740022
90900
613954
434420
958898
136189
577815
168897
891567
201478
703891
912796
937821
413098
282641
408695
910419
377788
124133
546142
405154
181639
523404
360715
78081
195718
699584
786567
320856
869806
601817
54203
893529
462089
849422
483941
716776
608674
603711
891012
835206
106612
843529
985847
636492
84721
337967
520257
602757
326939
628809
101044
523801
406388
411679
602933
613649
470308
126077
833433
392837
539075
550878
919482
491044
449634
231646
720444
419492
434883
411839
765723
785662
695305
400977
882116
555252
682443
848794
375767
474975
368606
247280
671194
87455
627237
873446
258231
873465
579609
504038
657505
486647
298808
566457
619034
492998
181655
916135
622317
417307
308962
940313
391520
597447
879092
278288
112102
653800
21272
760345
291446
38041
357803
135562
87742
172572
995940
798234
27192
522272
227166
959737
660982
870436
777270
153113
354755
10264
16030
946980
418866
594648
745392
459287
172822
680295
591567
981071
27426
835390
948876
894596
14356
511376
811212
468101
679348
843742
186410
20391
121595
334029
329117
917164
893489
424613
283901
223032
208272
400081
283981
854035
397628
275451
417097
601859
843401
144578
680644
656477
140522
376872
715814
872067
607612
408431
520057
645590
472005
675709
61761
321231
651551
864674
688185
876907
446268
772668
765989
417566
835068
818518
332040
489660
897646
794161
326835
900324
283679
517337
40733
34538
31052
594369
635494
129833
224791
895550
964914
164022
840723
807500
154554
162449
896830
702198
605242
716763
725811
693326
693659
608307
177623
220992
461458
946963
953311
101868
683900
60757
939175
770888
68261
998277
461128
101658
755510
300504
4627
783525
46124
184585
143721
234965
261291
464967
150384
289726
497094
176033
444990
154782
611519
758623
988139
517785
903693
985815
269292
442078
528798
877346
763965
724256
77989
737707
348187
834331
107013
391156
295246
266586
156770
421592
594128
172418
495919
232975
521827
834416
382430
46320
114305
346703
927004
492344
960429
273077
535169
199603
573496
840435
984329
947413
555058
222411
670113
80311
945811
120843
791189
105101
22858
888767
718056
597498
118388
778097
443753
225531
490618
978323
304378
305370
646003
467962
365554
280358
955519
275937
854573
40094
331319
176889
600305
406970
544964
926284
567232
886824
452351
385533
364177
515458
336211
787402
436855
420183
291832
584860
262187
708946
768576
86287
768204
486627
738822
691414
498473
698169
165411
315038
645458
450491
430763
870408
70789
474409
893264
342879
888035
509293
320571
955915
859969
804485
951903
798336
164613
36228
587639
729084
474756
416800
493599
728610
575514
468811
444117
826960
862655
517902
364135
65071
248297
593345
518858
289497
180946
648953
651682
643238
12116
473009
231416
118473
383344
500394
844931
815629
958054
186745
519473
516259
589274
82827
490104
324395
524128
604890
519946
749308
421724
822870
547956
980234
251478
836028
157145
407570
171876
260486
340134
681092
638070
201895
853580
825327
352961
216018
999256
398928
677371
684000
388997
836645
659293
729854
571968
546531
510631
796890
297188
191301
271451
941099
739465
888507
76372
590644
536712
746388
250479
395640
223784
911934
719625
17300
213512
80552
751380
862933
809232
390080
344438
231024
340801
46681
361418
304107
604089
782983
2074
933465
895528
428494
117448
227809
951113
526570
769182
402810
527961
451682
653156
698480
448262
159952
670931
944249
657197
350418
409601
464202
797456
530519
734704
284917
256325
58497
779468
921958
748224
278702
119941
420948
257728
403859
277908
721401
128839
533972
133135
163765
777101
70822
676795
515328
348161
491472
828364
971746
924276
679788
519846
78996
659845
520612
80572
414134
225811
856461
953175
36134
637837
597218
79734
428609
483032
235832
152565
34813
288942
667179
880953
114224
837387
125965
880644
822747
720010
876323
649049
996965
92667
983054
881354
680624
206764
934015
974690
612673
472443
219522
983783
833306
631183
572891
664897
585150
250730
233626
314209
829475
816245
410350
716763
517328
972460
89518
363345
450525
833598
653753
181078
584210
201990
421538
788179
741038
617183
255967
886620
306253
638867
354815
207184
86096
591103
67790
556188
53157
256647
596345
675594
951820
483713
122330
264035
675883
939621
806038
428449
228886
460755
238361
345971
219823
800237
386832
319829
828164
676935
209419
370186
866614
288652
985407
493487
729684
700995
952875
889054
202402
666608
900314
503787
274566
962646
672806
567425
369571
618468
358800
48191
352473
778983
688933
258218
721611
959177
102088
414663
244812
500532
115150
675748
119455
161278
421602
951101
80786
984732
198028
740275
950730
842586
201566
288981
945158
592303
822109
166939
469368
614869
286322
738540
504019
314873
333567
607114
214969
931211
527352
486450
878880
836897
150988
125054
809142
962064
658544
438354
687610
325768
742934
157886
460218
379209
564633
97152
681984
904708
170269
55633
636259
446043
458927
302421
263752
911100
903060
940645
631477
522360
450810
799130
803958
327150
640304
333373
460347
634955
582245
382817
814017
277749
590631
603845
401749
362338
160935
684416
440548
326162
811959
863588
453527
362171
231831
180801
861130
512953
855008
770996
705402
100113
443057
992499
8465
382617
555952
229338
17455
526492
130464
65150
221262
189533
848816
613765
538237
429011
313124
7548
101281
816773
289221
840616
554026
745647
204244
990215
541701
748078
283269
935456
782366
916576
970202
400069
360295
831190
956263
296359
884485
174473
99267
371943
703361
975464
581899
794155
344307
295833
740035
76619
40760
352857
247541
517341
728726
5087
70598
905288
658616
561289
678211
613630
70158
660114
678208
103812
8624
400271
919120
142828
786965
952227
640823
913242
838238
579523
342041
430879
347819
113374
219048
41231
428052
989833
342230
823992
813576
835692
694292
514291
669834
173622
388188
312637
566878
764554
731451
406845
823389
346862
678696
496154
807397
903712
411258
414663
847026
626948
818358
359096
566433
426848
445850
44624
602486
215798
948967
571327
667862
526599
712573
546289
830204
821545
908676
209628
660457
117909
444162
160432
102043
221110
707992
336701
314123
557163
292803
242047
922392
861168
170069
281183
919615
21691
217842
516416
732598
571054
634392
635689
899756
923668
622143
360919
231431
631425
58192
302510
283184
922280
388296
812759
312590
865934
975642
892428
470123
515531
692656
344420
782711
646787
553294
835028
570703
410410
205200
642492
627305
427843
909015
653172
863453
346743
779521
351637
883827
829467
719003
175461
302113
377366
210165
214398
404575
208770
376556
552796
674896
710025
36868
626122
584066
189129
588964
212827
937669
958100
827334
214450
895751
764461
272991
96739
738937
589702
779839
482285
864771
453394
666187
352606
562523
218672
984763
408478
794179
784606
922020
960899
88687
894695
921983
884410
3532
569220
450529
37100
850940
218752
272067
185558
693803
631826
927635
352494
176130
639732
620582
207971
308054
522357
737402
65806
457403
88832
25955
256103
568951
168641
915697
658122
815431
321119
957517
719733
45803
454008
591197
286714
800433
480049
185174
115473
936828
931491
109609
659264
330847
591928
212375
648924
65389
569105
134090
437675
249006
583201
741483
594089
400997
43752
572677
373660
814654
733949
62589
108196
560219
335223
935903
426881
966193
106817
381289
928697
653182
229748
562741
64276
429064
705640
432036
496627
920161
402389
35087
98615
915231
759624
405329
526785
752264
801858
404983
757871
635177
608892
534717
758368
852622
197651
397152
372154
391406
819864
384471
376524
188841
648226
606054
955971
3068
101320
819573
940792
813249
376950
187017
595887
922253
907455
294855
404065
707796
403213
381468
246502
838095
845608
834343
53983
805719
241758
200072
38985
357576
689301
814467
460011
450424
482575
291375
780864
298904
850575
704977
772829
817862
881392
137281
48674
896294
500485
570458
434256
808348
656568
985391
442987
500409
749014
25191
191623
320036
802832
923175
248070
685114
357839
870217
590973
632823
321389
358053
685264
978289
526750
743930
767844
905881
485353
755047
964329
273284
923674
453139
436270
370629
947579
325453
427978
127681
115883
641207
977248
423078
379659
718974
628364
184142
764359
478637
969103
820588
416820
737817
282077
690524
706371
464693
686993
879295
133368
742394
433631
237305
795256
773544
151809
198097
467483
871720
510098
399896
446282
529990
749949
355374
99051
398241
403631
843959
444919
452173
356474
404612
413995
630052
338539
58742
359822
975347
118486
268618
446299
130674
306164
254516
303505
852887
301094
553744
156569
245791
449303
509761
177658
124536
987289
615517
711374
89249
557170
647231
829618
798685
454586
971890
113763
355280
246759
238810
93873
534632
277775
62666
928494
4308
938457
760266
542977
486933
167168
317527
136212
270174
565237
776913
262174
107523
559288
707713
794127
539513
904846
634393
219591
393441
545434
369483
56168
856995
309568
663175
521259
125346
515972
146849
572796
327624
318195
647704
568281
412551
836029
346971
296110
295318
790120
846120
650849
515066
755860
366383
305967
61382
620026
291194
201028
667143
40913
162588
573692
991408
274157
454839
701741
384563
980335
426660
259147
43273
431337
96098
266736
92945
628612
99732
977764
148013
315787
999034
825532
232085
510980
629977
360272
385781
750300
86475
941521
563121
435097
234955
60159
73640
552874
382086
231032
145090
401568
951618
473238
205607
461097
785170
516256
799346
422206
362420
676869
319395
486272
814199
6935
485275
200908
534860
970239
511719
205627
179053
352272
113218
127497
503366
196124
24998
224907
686535
594631
999996
564638
802553
296597
280299
29234
641422
197790
49135
694480
995889
165133
851094
98424
444515
102850
514161
383025
203442
977296
879242
390811
491982
816758
407576
563959
707849
565
477597
3226
884575
734112
277663
983776
469996
875051
739890
38259
233805
559375
528000
21499
417265
897547
190796
81654
831362
344261
110654
710375
236367
795021
13827
112693
916365
938022
944748
30608
811206
530373
724771
992272
754377
534788
85149
316592
665682
128742
713586
234748
963119
429468
705484
764072
976452
191657
556386
45540
360804
98092
28081
959815
96722
930923
546073
998239
138806
341013
939922
781206
380582
720466
118858
908638
315399
548298
581773
868578
627968
66882
820029
177871
556010
100406
97878
926508
278251
429643
528483
661174
159705
631960
604302
875802
134031
933499
439431
585824
322890
156093
886276
125006
666159
763948
317500
462576
692903
119318
471050
779552
92481
903491
858358
973324
448583
937976
818570
472759
898183
685719
732105
456836
921135
836516
866918
354741
292513
77645
98018
747073
829389
897237
175145
607262
139892
514728
627025
690013
41561
206786
997048
208928
379408
360944
354413
384756
546782
555237
106464
327203
631170
944318
56101
442432
480169
238188
608283
604933
649369
816388
61411
949768
803365
563292
451898
894480
354939
132911
88887
546211
625001
989251
815228
322608
188737
968199
873358
981240
359769
462347
961260
444945
961497
941967
575153
581836
358532
203536
367078
235652
37731
805411
936020
553869
881142
95329
581675
911379
230446
654657
510577
250057
466965
21672
828257
251140
326998
387783
328172
490592
459369
506818
891920
520775
558373
690047
317921
677784
736966
1157
470996
311917
813008
724666
956189
684059
215153
379517
888091
877056
164312
36149
405504
722196
450918
188584
285081
153687
38357
862708
642741
768482
873009
820278
67088
812040
137201
92085
739486
453818
2190
993202
238678
279322
705002
116276
376453
131039
160778
167888
160381
847149
640839
103828
359122
655407
150430
889715
440470
803204
747710
94926
897422
915308
147190
496119
229702
558782
879732
400302
139809
379965
707630
910078
843674
917802
145217
634949
479416
37824
130859
539660
186928
835467
327150
666300
409334
692297
706332
770848
574935
713846
857152
862020
168127
271985
955174
597170
143245
145040
115773
734890
872334
569826
238028
156207
762921
479465
196272
537363
268447
855414
100841
472964
467092
110881
319651
932326
72549
509988
55153
361315
457335
669493
947329
587470
188373
901373
816357
554344
999767
578366
468079
192788
886243
857625
809013
803497
296631
275335
161548
442572
558462
676325
233159
140434
535136
639058
741230
202331
856393
527093
382083
437065
739680
6603
124204
958850
299879
892696
428870
431622
857606
60883
770611
491543
410777
744313
616096
259142
565464
92177
961769
246773
675188
617945
825404
224060
711014
220040
50588
411135
763106
88412
411902
83835
282453
609009
654243
837082
94117
950941
821030
315658
144322
383842
266558
623936
978832
336966
562026
145584
932598
213084
50039
722036
181062
408912
342216
780303
347371
263926
420268
120791
759700
389567
667902
192023
383083
203337
622751
771373
914187
460933
551778
259245
512465
348096
331566
321393
175927
153160
625682
200683
927084
242397
689919
666466
662716
455264
75204
211483
283276
230551
314147
446706
457840
462769
796227
309600
309609
246380
39041
864647
278851
538426
610152
848125
370591
445450
615413
935495
60311
879220
669735
745590
910150
715803
915477
29031
119069
605616
103426
39824
273347
435266
712587
79188
864704
347103
535351
992576
418391
710269
85668
913411
725549
778826
951287
207083
320284
244241
821368
949693
782481
494366
818587
631454
593529
721358
177946
759767
911568
683849
787771
882917
31540
162243
684121
428987
525979
444505
42896
600334
921432
245757
556179
344226
635849
34893
987287
66000
710902
551878
890059
551677
235201
569101
296160
876377
957145
884033
606298
119364
241134
25866
157558
545708
123962
163059
550102
792528
617875
501994
653984
972652
287554
860969
990840
69249
501303
668615
585402
142223
323902
256954
72947
297667
912066
230057
240613
400476
184208
306636
359171
70778
105523
426578
85548
591753
988640
858242
432439
783746
774656
355196
371081
865129
643009
154202
41310
953471
215906
949002
534629
347104
77060
412430
245031
753716
240295
937049
775480
78545
24710
895671
394815
379580
537192
712379
784826
651061
241712
606679
956942
201517
930078
935785
939590
359954
380022
789051
574807
149919
579367
823480
885406
185210
724443
315720
219700
994854
398865
274146
784125
749226
72942
138328
80305
719504
877071
680026
855511
311341
128907
16832
919202
632925
838401
794988
989076
891733
40641
256836
586578
925817
600447
343933
421199
988030
367922
289955
281633
78144
75253
632392
34331
881765
781833
534681
276440
40776
617909
998212
439850
279184
1029
55302
628594
139804
472638
92263
654084
442458
470432
970213
827959
785723
586041
429204
425160
711896
619612
12778
843637
650891
59603
480550
710513
483709
158571
760340
358308
305599
57018
152661
817005
449454
67848
343279
73553
934630
554067
163593
599362
323416
706487
870204
755088
533520
514874
744431
435929
338093
876446
110048
202539
740689
837180
330173
358778
134058
343748
901838
969377
563962
531230
174879
97341
687442
848993
349209
877817
674867
768657
742438
610497
341726
982083
399853
75680
783035
355241
75487
500132
339232
922547
288247
454987
795936
606316
962597
836613
817608
980591
272055
737533
995681
361023
82395
499590
399488
856024
197659
3647
440874
354642
202331
295990
397606
755467
612180
118768
895146
673950
519815
698250
428652
67039
567258
722425
319797
653354
428913
961588
256192
256259
874813
54759
264304
399332
312094
903680
430948
567419
798419
523180
300433
518803
80953
112063
572828
267429
81754
1399
589443
405081
455760
822585
270444
249235
209319
708439
3767
78339
841470
401716
515468
352426
499361
934249
290252
24805
698580
534718
852375
842993
606631
279050
350752
376329
260304
73833
787036
453407
796584
205946
486042
599698
584210
486646
556389
747725
374283
767031
856991
965581
832702
213198
104914
148594
972924
420127
945607
661222
80675
641878
658190
743734
895823
993401
908953
817148
981987
558209
608012
317607
162369
400600
254374
331854
954953
649443
227886
688234
183512
865431
262843
598894
173835
787259
430670
556939
651394
906204
546711
906791
691126
672969
43563
939284
169479
81401
372326
975280
310376
323329
247013
565551
576574
940580
940394
169020
797512
219052
119137
463002
619791
429621
345324
173702
108510
206100
306895
136570
998192
964489
607023
76370
146467
320706
108509
753057
862616
695901
988
430499
825558
846586
950184
453770
221694
385186
565263
446451
648220
975790
41
704319
291334
313154
611951
394772
750580
687789
851031
85095
861039
160171
828277
661666
670137
538700
174865
336830
573489
885822
450367
169725
688337
218046
30260
933318
546329
701531
762475
414871
156182
616888
993655
784665
836659
435977
417862
691818
953953
319768
99235
740748
756201
79558
940751
504768
406881
816423
825234
429101
428076
956
19651
601227
111730
341695
544079
849992
245404
289883
47404
622258
851618
688676
85498
343380
862269
161946
922372
200946
750285
316657
720168
559171
14572
111094
333395
353349
745409
432620
159440
344428
789638
871443
719678
816612
571283
893494
460995
234938
120683
900662
316271
726205
299829
837212
82400
894238
996688
842752
852950
271325
92411
556120
483293
716614
105680
120808
172849
174183
706070
771808
948889
987248
546618
62443
119564
653460
914321
949965
86461
45527
951473
821515
330014
192451
63201
514837
829160
517660
621909
324616
881224
230828
507031
871659
890943
646706
675274
386680
685529
205118
186680
896168
892280
953498
915760
584889
350695
48303
917934
838556
258455
200655
430527
437775
269744
730885
578943
322713
33504
814758
245260
560674
638857
148908
759237
171934
112150
254464
332228
818137
89895
592830
843624
533321
700156
278784
85624
753078
105915
432085
495240
579109
696528
325132
308708
458577
121321
269176
5116
971197
809351
695817
871407
306379
130309
320952
101435
28974
887950
688901
440061
245574
696831
830482
814043
843111
122391
600991
834742
407994
151567
964912
480328
361663
240818
814433
721742
872022
973650
589546
451475
518708
916272
282177
472957
269768
604891
612691
118073
615444
334796
533958
128604
26353
619124
410358
34562
146141
343356
740622
340748
1065
695019
761610
99836
664897
622222
467565
184636
810337
990380
935045
311670
131085
348813
906702
617257
23978
240056
50123
584637
789875
134572
721882
365189
50486
127140
989022
448823
874748
38002
914461
3982
728359
342942
836920
67683
729622
93429
189238
588463
546778
819568
142368
754896
176176
141909
947953
71672
87739
59402
322998
490043
477065
653604
309823
618713
204916
41800
503806
738090
392689
212460
468004
749916
367829
201824
398798
630399
495063
505876
71111
971224
556636
225018
689428
974338
365819
505487
197602
172485
672514
849283
291173
793105
263685
494118
842347
544379
737929
666811
322073
684725
765759
967079
484525
70784
342964
734479
172090
637906
451210
487196
785764
223927
935154
506335
390541
624015
383901
942456
683797
982758
32670
812357
953539
939408
266763
638617
598678
860251
981279
744158
568143
57027
317367
9830
605906
252771
666581
570495
342905
19467
106101
204678
37509
352094
806145
612299
953616
47985
771094
858166
43042
146947
941938
751113
764804
825579
55875
5018
578663
8445
75119
341770
280660
935399
610270
705649
251268
332362
379066
316797
56845
918995
631502
42485
857647
733109
98390
812905
125347
483829
472061
872962
927218
129059
789359
146715
196589
849613
164647
417853
449561
816018
601468
413980
110413
995395
697401
849732
114570
987425
629521
391396
167000
868665
430486
786450
354029
502497
402398
186572
292157
761960
391827
273340
526598
717658
317139
983284
619756
119670
997421
740090
136114
993349
446706
574945
694960
295566
104305
979559
629126
596780
6094
157141
204242
732423
833789
581101
778188
508749
784309
659787
303678
887826
265383
673850
766392
77458
926668
260189
380305
48555
691710
722676
364722
866092
445871
822951
898044
482099
116330
307512
677567
75123
225822
928036
278646
122913
363459
702383
71617
998974
468141
741151
706843
746314
895156
308283
801107
98779
84087
779942
194270
840813
440808
688500
236994
780791
325613
990853
374542
656389
533874
183535
542229
238234
822627
542613
684478
265032
798244
353690
559453
363756
473117
865519
76005
58382
426805
9095
864699
295670
178496
273364
430623
642560
973335
845213
951756
211598
442264
574430
459911
97905
150163
220978
69379
807326
363220
253913
394873
910073
142809
600655
536720
787116
998872
500799
188165
655905
394436
306366
956341
563695
308667
446325
201484
501028
305412
149716
813321
707312
296998
791822
428644
214019
249171
21052
805109
773630
111289
73724
663699
184379
793359
253986
544514
577214
729066
724709
202935
697075
503544
599361
819984
323386
110654
707040
358296
642458
225071
262389
431809
383672
406592
27675
918028
950220
243415
54044
181022
40323
408736
38757
362871
241252
886958
405269
61926
90475
4246
321324
519556
139345
594460
954035
950831
194883
33740
250992
517309
608314
573761
326272
620868
901127
145252
130070
145270
545550
842470
288503
251331
472720
44251
170304
746050
830528
683794
87380
596114
186120
489887
411873
286644
782610
356489
495863
66923
385955
100570
192694
2974
126999
180365
43777
732264
829284
800231
729671
105665
775138
376667
253705
760840
723224
173327
246682
139364
539395
993707
618318
25119
597083
530790
995001
570201
860381
515232
386136
815378
579250
398249
110193
329207
603889
694435
638799
177567
445418
448449
3656
411552
39870
919652
674813
58529
824084
337939
138141
67147
978275
130044
869457
487045
564220
960745
213194
444719
363417
649485
358704
688141
460963
177301
776018
35600
643971
929005
349776
744715
120184
89886
299823
677963
726638
729944
594036
669641
554009
55633
40145
37295
991399
809465
298349
561935
697402
132569
80605
932757
584789
912370
827107
436692
987030
798237
106453
11971
57569
959572
714879
190877
681262
169979
394528
98780
661430
816049
449860
625058
211253
94552
656993
224041
810635
658712
234521
147309
600617
145009
590574
13992
137631
400639
784661
591258
649483
801731
817656
161497
174306
527472
324993
208674
816633
796446
443053
954776
922259
820789
731900
193064
560233
540675
910454
96328
952578
379396
132650
39985
726181
766072
914524
101429
29941
181532
2042
158927
154175
555167
954749
995963
635404
373570
744626
437373
409552
117824
898965
456095
551918
403502
75198
977064
61706
943001
418965
941779
86401
319956
230428
4966
575117
480734
363799
762519
62341
364512
221127
205735
764256
380338
838745
118939
26334
868781
539501
424224
155537
548855
909663
11010
684390
888815
326492
531256
564505
334028
272960
607114
748400
607132
659676
721393
669712
437806
366794
443805
782998
895887
115033
136527
1751
191828
926072
95214
425156
239893
963140
895897
379475
839374
946292
580328
900464
90114
251708
275284
846536
910561
558923
43312
60488
766285
647871
730508
593084
699466
435201
21555
421765
84938
405115
227560
417779
128739
251430
99898
281424
486011
250797
915222
103231
128293
235096
567859
16276
468191
986781
692109
99509
884891
36179
735982
656443
619079
217216
290877
393909
241361
416021
124809
362383
273045
896127
183064
103591
730625
725494
800369
626016
268964
209624
990736
361281
558952
459364
998750
643805
773200
912045
273681
992966
669605
74995
415878
940924
840822
250575
717543
827976
983857
809469
217867
5577
60741
685792
36178
737109
63247
435796
441823
267457
165758
46940
673309
619686
97279
601835
59488
956114
117466
955543
542910
167239
362880
784769
150959
303826
689015
945765
999137
891976
579465
686448
885199
509865
277596
39148
655282
656867
807098
454521
354534
133722
377089
208711
305305
237700
393124
900717
217816
115443
577475
342381
449768
414315
717512
279463
721546
289979
285293
628675
161806
513467
375448
448552
672799
205563
352652
873602
446041
455152
488150
118953
745400
143946
72876
878609
152777
385410
391380
589154
507048
905739
426827
748944
392659
627297
588581
197496
117446
548172
392651
379200
420810
201699
857469
173932
97003
888704
808922
787652
356628
522862
706719
277599
32168
323375
544786
368430
606480
308264
697240
811764
578970
462054
682685
468310
328778
756588
222483
952627
445442
854973
528561
915039
931426
346964
319227
104408
12
159821
181629
951284
601155
829951
774670
519604
302511
37184
399415
237012
685125
157517
453690
609795
752963
443073
377638
726965
4965
5002
840864
3736
532780
834178
782529
613585
984832
533980
973740
998896
511571
652476
22873
185684
112108
539642
455995
620859
652218
607499
103517
912484
134373
21458
377161
944767
756007
300998
636431
240247
367051
927058
165286
694040
424783
256741
429169
513252
926474
814357
217304
55672
469060
85207
488446
492712
977147
618327
290236
646712
832192
127599
249256
592463
650870
547799
944677
890694
392187
805160
730619
474434
168603
322885
73604
203351
313289
341512
601078
473486
453797
552093
315406
828424
427493
980449
920888
109879
122379
337719
723627
375809
353997
762968
845867
482014
47372
501211
904410
477568
807744
767477
46531
697694
172913
381053
378360
258012
188234
782826
441964
522782
552264
770658
777616
402091
519016
901587
447553
278165
828947
988140
846651
631215
944259
972588
213701
172877
882015
108284
224307
231118
478108
339179
406788
213725
535575
884235
57442
881208
44748
99140
927879
720460
126796
217097
729740
144173
422301
187042
104730
771554
631223
485168
69081
234172
337640
695920
685393
137237
183907
772177
247438
111987
362430
535140
928524
486039
246952
821726
301189
158448
945232
411885
208036
637645
450376
14642
74576
178259
442357
466321
372380
908608
59329
50815
602533
297190
164914
869597
597528
848574
75841
108856
626960
637806
312325
731903
442440
963034
232864
605184
822128
906026
440245
637194
356042
51789
134115
200828
306671
975713
929256
63197
947315
295224
736535
169542
489118
907307
937140
70130
894925
407257
119982
233459
911558
946327
529006
674080
131580
304818
963091
920393
152056
684215
517652
273474
174964
29689
813904
832399
40708
497575
361301
926188
144046
560544
322495
418984
248343
888626
901686
435440
340393
600749
494373
755101
70833
465286
693429
300481
333314
108875
980404
174586
19819
184888
743384
939053
372797
645936
116816
433559
31892
787034
323553
880388
729115
458422
897569
651521
377926
421726
706226
679876
364093
326968
402030
516983
889861
674573
801331
95391
668811
532813
349832
692734
655157
694481
701264
738084
13683
779300
881032
513826
111573
979241
157747
290210
191712
831750
988175
26923
347864
421390
749760
445434
219829
141771
312826
311440
324359
642502
784014
701890
364532
587413
9320
991044
506708
164287
463000
585918
966318
203948
908285
54937
208708
326173
231584
863449
701389
374770
48765
407560
330971
756390
738309
245703
275168
684668
626863
564196
535542
477896
411269
749189
131680
585602
174375
122853
457242
558494
886792
471424
581522
693194
614909
139228
481301
86623
562857
916377
879256
34173
255385
844715
496683
797193
68607
883193
534989
561607
627605
607586
953360
871088
168224
43128
628607
323741
368424
289554
630958
616989
924510
477667
178716
617981
676780
5404
873696
447731
402536
425349
10819
394121
985701
792122
312023
550778
276563
743094
827376
911335
757777
772511
202381
236847
693202
93568
325476
717759
3499
188767
539837
158655
453268
372222
102897
79168
179289
935819
809761
246041
731068
75718
730220
190355
833232
921697
620235
73898
218096
165135
558819
740827
682724
47319
38623
384242
797076
839643
376065
580680
476919
659285
181601
222116
333675
647623
496003
419665
70372
951843
828328
140963
210206
696313
186621
919817
559240
946404
988963
676458
719588
623014
53666
291806
923669
222341
100462
350028
828898
674377
443441
935215
851244
460161
761881
359715
790250
53695
771676
493950
540517
474394
424095
997213
659140
613214
981382
592881
355074
634922
959874
675920
267950
850990
299003
656570
477331
737648
515088
426490
276104
847236
183894
82759
224286
862828
907527
665484
683741
221898
60551
851218
84583
148756
599103
467905
644132
75670
488987
561019
45548
575959
640461
704756
642453
388513
606216
29429
58037
570548
823451
162951
357460
808204
738545
587872
428871
814627
979372
545420
714822
664488
714792
358768
615554
209143
943009
515633
450762
755019
971382
580166
79859
194053
880742
901213
499050
422941
462461
257685
220881
198526
901764
452881
322897
72684
9521
143598
2034
936946
754137
478500
839171
342430
430320
151551
801181
10180
109712
263769
688409
511750
879165
999891
859771
948449
879225
778398
670826
671058
240929
339349
178554
313344
508398
102863
913844
331519
47409
302472
810595
326854
805521
523595
722312
750454
373748
64059
946719
865349
196194
322912
525560
515288
942399
106934
412432
279399
487042
923172
536472
147838
761653
337114
206734
128911
164263
671289
791433
894573
242896
281128
262662
381373
834487
904296
532765
484081
839989
716799
161895
571904
576128
674148
3620
309625
735761
53678
866400
732802
274791
245346
791757
87409
942592
753733
286200
883838
366735
160530
256756
753617
479559
582838
826893
544057
763519
76081
170592
602208
293975
476497
575967
315661
974519
31967
941274
158674
811759
72890
866358
429980
855527
472022
103744
178118
50437
136063
181648
739798
987372
247103
658902
679788
871705
729820
892652
369992
383490
900198
974206
992798
655089
225937
60824
934511
775881
595140
20495
54206
392627
799466
620719
651053
362765
583965
216099
161621
278903
27424
910756
462610
904192
817020
481987
269724
894633
396458
259278
293149
377243
694463
401176
66389
548872
888374
308410
758021
831043
128848
11045
829032
386374
600043
883538
641365
14630
891189
489532
288811
999395
370834
919444
329961
506887
545306
672707
542693
382466
512794
601084
887245
478570
614379
879045
804928
987174
429641
560649
264652
423101
421301
579537
307029
368950
304298
610930
623208
281988
724379
404279
424273
28534
233680
445754
664785
204949
827959
324069
128076
665596
935610
458837
710120
638728
984208
531959
69664
18519
534071
932829
893083
195982
775083
870873
863360
580339
267219
594819
256309
407811
22064
792153
154914
117148
526760
999465
153946
812639
197702
909151
206763
749801
601700
299374
783437
137161
121923
524639
760434
129174
93125
372488
355726
790815
526946
176870
725411
998064
459651
294910
884730
159686
93841
118030
98068
65182
377931
84850
448075
870239
277528
468946
467503
921656
530587
193127
622041
262314
772495
519286
347817
965425
173487
174260
316685
962481
155931
748792
471654
886677
365335
516935
918822
874577
570699
323704
618101
13200
299358
218390
552019
660759
820390
590232
114360
510858
654593
729053
453593
364624
699624
102468
625925
337294
72327
139755
410449
963052
470544
253391
273090
197879
713451
708549
675177
68436
643389
140235
929171
403598
359863
117397
960603
550541
980634
779724
386994
957596
896347
743815
173685
453834
225640
754384
35037
347079
418847
631180
395092
35529
765050
669239
931168
9938
908274
723114
984990
758935
715331
772029
119586
789274
642064
25922
38179
532205
514345
264648
88526
73731
469048
112013
762182
452564
38243
76424
941100
685965
857129
225159
262166
856988
504649
371122
949071
334994
197516
861668
263108
343131
935089
217920
441294
871238
787858
599298
890666
880962
991857
32340
796578
120843
872796
32232
632590
322130
952030
790814
113616
342369
21742
390326
238457
326691
758685
798732
430261
751271
15974
614488
578401
410212
326225
958479
527103
412717
294212
127743
876089
306494
617070
411118
555773
312097
973411
189851
607230
900887
531605
170434
43017
662348
712275
592943
262412
849164
820644
792956
248296
82430
365276
830561
326828
521904
27626
74045
749206
182889
372930
374928
638730
67456
309459
940605
866260
555145
458032
893615
107210
483955
685163
681681
437167
324290
875147
784970
405566
959980
35889
116166
130296
304027
158224
365509
784560
735189
130357
184766
567916
172244
659610
289541
886834
455938
548343
554080
689871
434831
257812
881535
930559
580429
701588
372069
491035
492807
562202
553463
191056
921376
455626
742867
819641
905544
929411
650251
188931
589308
998061
320409
822375
845948
344345
514456
617525
300529
647130
345240
646458
347629
345311
510010
937315
641675
353689
94585
359727
621711
763790
926095
377809
239006
966731
887300
94310
484305
633085
195275
887703
193912
557692
727406
565806
180315
435026
685853
665109
186734
520703
576416
432997
283469
727219
786170
923372
853930
61143
459191
568465
427072
718366
930124
889516
289134
894825
833112
155475
224074
900079
544062
521640
703327
937493
587001
843203
207609
256480
658355
611968
547225
786224
124482
71784
638516
515274
64333
458287
454827
38133
604864
146949
414927
867444
174379
865875
848339
137214
925138
227149
128042
727583
893377
498937
347111
936587
763887
490876
379129
27928
818215
774174
556411
237218
600108
706839
734398
352000
797618
931843
377228
232184
982801
885906
842613
164141
384866
52658
446605
866561
889003
615985
791203
671398
939803
406415
388978
197071
669152
736133
620359
319466
742101
746657
488314
260461
119099
82130
902309
127718
938303
67933
520225
424768
785349
805364
888670
830498
184059
484888
117250
722213
75126
358447
555965
674207
406382
13251
456940
385279
536269
337379
646145
155178
232233
571153
625854
492586
966725
998574
14571
528538
28938
721488
838600
222967
766844
495513
830378
877203
522039
834044
954911
431747
85076
705548
316430
628551
477215
801773
795394
132511
667674
449543
819335
182801
413258
265662
43101
880436
685052
371093
1876
958489
351592
383231
254559
724244
2395
731751
789059
720469
866851
468820
245501
884425
589016
286536
413873
585571
865478
521758
445290
15475
734867
991013
476381
770922
235284
420267
845593
704959
793580
507459
274972
38190
563822
21199
741930
37087
797949
244837
216231
426786
237980
948034
15014
585397
648934
568018
959798
477053
707579
338423
346067
186525
797955
380630
395065
868986
791072
973296
698420
449713
736148
628315
453396
729568
896150
506532
758324
859276
141260
427419
126962
554617
457120
406372
476592
875691
562891
199053
36631
631678
726192
58342
460204
831355
575026
232151
411141
252857
92032
308046
366150
265162
865559
175717
204653
448558
784998
532977
832658
280154
225134
89632
142821
277492
631594
788799
792996
887234
377873
399801
382837
155563
688705
338791
499951
7725
684637
395225
427493
970039
229116
432847
729218
579385
49178
368971
170888
842783
476423
972394
49818
781476
546771
51353
415023
5860
554248
843305
22870
689338
557068
417423
770277
318120
649599
506322
108752
756556
523480
522520
502787
299015
622749
580188
656671
475204
583388
619566
840453
870644
274948
971805
371721
383894
121071
921067
183678
32175
891451
919395
218589
794442
982825
558694
578134
333069
456603
676131
85545
30638
513245
484062
953416
89265
343946
359412
129426
255522
403810
817010
765658
382879
404800
925897
499290
599980
340890
562361
7369
48686
307027
719801
267049
732904
143282
430760
418931
927490
715622
617004
729697
925866
265083
907445
281018
511926
377507
331827
745216
752455
138899
890877
967691
896981
692775
522377
468013
141441
498078
933227
437289
81998
62574
672500
904924
696256
634628
499754
388872
23846
263100
11299
335374
727410
553861
850442
538076
517723
949435
857326
570046
960049
98471
281251
176522
323106
550591
943934
719410
682079
539161
81300
379006
181890
192305
956030
626452
928433
975365
966861
410952
603177
261048
424672
841959
32198
392487
553593
80224
110493
867345
289130
156559
881442
722188
671839
471774
103565
694070
372984
338034
686533
429384
312591
58185
556101
415067
59702
769470
79806
62713
863283
186980
367254
213560
689414
237922
360810
116142
699691
403351
905345
849909
534966
839557
561605
293962
211897
574338
859414
381886
180558
21789
781561
530654
188862
695022
607319
409146
192999
829427
868157
34062
402809
288583
526473
856117
583956
405991
356557
322666
745524
667404
113530
633436
800603
87741
744488
116207
956407
984684
234849
131831
835070
545567
508013
51598
411770
322716
70233
588486
934489
191889
609892
119676
420569
535205
186034
59228
497596
951128
118924
295617
996321
948215
694518
835354
238137
577558
659531
109634
774466
523141
178436
114948
817517
226787
113012
555630
151618
59622
168714
520220
234113
729195
814416
800173
695226
758833
801443
585167
166717
448306
29537
926961
828910
643505
923415
353394
330138
626259
252107
860342
783807
426313
967969
768372
41665
667153
968124
65707
320546
702945
665199
508765
899396
322858
578953
218340
837093
521166
386041
313158
512587
410657
91445
397615
893370
449433
383399
495253
386362
537685
812430
890213
771808
381400
654862
168293
30109
106290
66042
481981
254674
987810
3605
41289
83790
918125
122029
110821
868165
452395
405521
657890
621975
950097
468834
758946
201592
735822
527951
157552
115238
582416
359781
799930
742342
720438
952483
48215
409908
576631
486886
71720
841604
973830
287402
765910
554819
730880
422304
813141
484594
512350
777218
375079
928452
216824
904341
611379
143625
749894
913411
977287
50996
958315
579341
950783
687954
95901
539251
255294
409058
206844
91366
523035
435128
245693
87043
956740
980169
902722
580872
427881
734150
608695
5875
822950
877878
655995
737827
491580
618420
982415
107675
199852
562477
586528
487050
315010
365282
846294
7731
58469
221056
105618
257819
120127
264961
933718
197582
12962
286669
195791
227327
41811
689732
138939
310336
457928
944598
95625
549569
91580
291942
168638
415257
28688
897391
261002
224130
763224
475949
107395
352567
490195
30981
736164
157201
951832
562196
26033
869263
687662
684625
856033
388993
27446
621720
170021
194011
437797
621179
571167
14713
242807
176696
847489
462535
278845
907209
802021
497325
35411
318722
309284
552607
729239
692722
571966
230780
385211
192659
455527
847337
967133
524291
520762
562380
85370
267807
364847
881923
713474
739267
853911
54276
391403
606739
936912
154127
532819
493488
436879
959574
741622
680986
169687
890900
811474
488476
838197
422067
937826
601871
995651
577269
192008
758004
947358
561495
369213
676496
749530
577680
635719
583323
361810
9310
417488
778843
67369
546367
754989
721856
265374
847312
30072
962862
840278
893831
88935
372540
438960
805801
734435
113571
770025
550767
406652
607569
2772
837566
785374
867960
651475
647639
389202
39888
609641
18970
48220
946093
994613
977996
977545
653752
166216
311835
603561
189693
584943
524284
252167
42598
860467
49696
172574
407505
264520
78867
453779
603035
385059
775206
323924
46062
364526
419116
409977
432456
653242
489922
615685
441668
613385
84147
362222
891841
393099
347615
400501
545937
586521
280928
499577
452098
380371
724534
114728
387753
672728
120212
405318
885663
910155
710677
170552
44018
455906
160423
690760
905907
300105
260156
34844
931163
254160
983237
561663
228633
671899
297771
635253
440746
167749
191583
140355
164135
174315
957715
830279
271515
282452
439530
609272
475454
413414
465629
606469
685897
555453
868271
570970
276837
157387
601676
436068
809963
428275
240723
248275
41881
198916
112719
140938
554497
241827
221698
317711
922560
690886
582848
121731
99271
740029
260027
708482
913523
861781
504748
931204
93145
587922
72587
14832
294243
794569
672170
768007
616820
830076
175362
569346
533441
748386
288428
182305
911610
230518
338378
7611
452485
663698
572784
494398
226958
32096
624741
897334
482865
101414
850765
539676
776108
742131
922047
731857
526141
766337
498379
492190
404669
380896
938958
11676
889423
74639
751002
506170
182448
190893
190849
336675
654731
426765
291379
628960
757188
589553
713261
293762
271504
545388
934719
184203
897817
451489
381344
410724
804083
231399
512733
484662
98010
122457
576160
731447
111865
797297
494752
644667
441753
803321
963401
786251
301313
775323
452652
16902
972799
806804
659948
656669
456492
325942
901345
478392
45743
867561
475563
367892
375909
556054
18292
134033
245787
628938
10812
433938
472259
342199
222640
753379
309863
308159
133575
505525
678615
852320
563815
629713
99818
788622
386263
264866
39194
958611
427503
186969
287609
305269
863093
466042
217347
527924
105944
272804
464213
553523
167562
977846
835271
686126
568421
476984
9556
425843
950227
225470
169502
494431
439941
287347
555999
861688
483619
656748
180613
286757
156849
916689
722543
196758
610297
351883
174535
773686
596699
468810
727074
266236
167676
488602
348719
984415
994788
527229
686330
396461
836714
586044
676795
166346
864265
156203
982739
458658
583496
592499
123630
739985
806806
210639
742196
816954
951791
290856
202020
245974
52556
530660
20980
699426
131740
776584
518586
9339
315691
430128
918022
589502
225698
188916
222623
959295
693461
771145
674209
946050
593383
317515
496416
471298
488791
925889
127468
566598
337746
783118
488397
315340
277489
877791
268277
874436
5001
413949
917726
377238
42635
790715
108471
415643
141999
189394
624809
37682
294166
214789
410296
782044
343052
193069
896440
451784
584359
449838
454450
785045
151698
57607
136831
830748
995979
216278
94214
344664
43049
208252
186748
380490
247590
721980
444380
727684
90147
81613
662034
998954
906189
721374
875360
254927
554499
45796
923954
104277
531387
151580
317558
890041
937051
33336
410101
761469
357420
143319
235356
68724
415394
184359
117739
336141
820157
778401
973545
206569
50276
858502
565913
320787
716721
219514
370067
326271
462692
552323
547373
771518
289807
531871
516141
774377
525846
428897
327116
275369
800392
721541
847396
661677
512488
602074
355583
231885
788287
178639
568447
79933
364639
819139
750252
779192
283639
337409
532274
845455
559476
771210
862243
56266
763149
833094
433264
561855
163909
669029
331519
863206
368125
154845
512570
339631
336690
776427
182166
51668
553128
912404
725305
887710
851358
938889
497221
961151
152229
83059
132881
961205
70450
337608
16111
110118
564366
997620
895421
186915
822713
488536
820855
450622
591232
630588
517002
726708
644053
725965
187759
810949
777281
353663
225011
145992
51104
99586
562049
218867
437841
818078
284946
368502
110654
292445
417101
625298
655152
441132
893139
137548
437393
610865
487268
249373
318353
78543
63377
318012
252007
103802
322872
67646
41169
160885
38393
158391
981378
556432
475815
818309
751170
873602
210141
554521
95327
802115
562033
606393
626729
992970
286802
171660
850805
485643
421296
773792
84033
705182
88748
857
389172
465956
727957
770962
39557
101698
643685
962477
171211
727117
797666
841274
428035
524285
761716
206021
162041
313933
475253
860609
548622
846492
961170
228489
527014
423423
140619
398818
560705
521637
721173
449220
274489
926148
474344
740972
515196
864351
160952
893529
427471
903054
36623
2446
309286
366272
999007
132346
860075
924412
950833
957178
401470
467661
994743
41392
758694
107670
674716
998145
389395
459405
431647
974217
984518
188393
61586
447601
227248
991392
518713
496758
565248
925684
398254
904752
866962
45873
737738
271785
866463
566634
494806
813391
120870
164586
98106
139918
441377
829322
522634
882022
490161
55338
908467
837334
381509
630122
973256
611574
143945
242997
550630
245357
124370
489241
237882
555905
16388
941963
743979
895419
5460
642261
650331
499248
562596
818889
361160
947348
421204
781637
772396
365813
986794
812618
624463
796072
540199
552401
241622
393814
42340
998239
211670
304389
696637
511593
758949
439694
326360
556753
740301
485014
701355
77985
917755
747287
320850
722633
394052
392733
45351
808746
114065
311245
703705
840293
965188
212142
29790
335100
412826
634218
146806
702848
755262
538519
89381
607128
441554
381959
87105
544270
838771
430468
736634
434408
630287
177794
982247
72164
541188
553590
291593
842993
483939
138275
54643
146560
452726
141406
808498
244406
781613
459447
249123
254002
394929
235921
888817
88566
423036
931026
461019
319113
321335
272504
322445
679040
714871
958803
276775
852360
514093
417527
26836
670888
548090
837649
520309
776514
594819
31785
479796
844147
906918
374709
430245
391715
708614
311406
494302
448048
861440
288554
259395
714515
792166
614149
708055
496387
996621
310065
800495
870050
565661
770710
423297
605331
378881
212943
729461
233820
421470
289701
455007
41399
855600
918043
259664
628014
70863
949114
921413
627177
197545
520548
784463
687317
601515
806250
277402
284944
187637
443966
298384
892090
418750
912524
811560
477352
98214
806282
223278
769749
363475
514183
866071
705221
525394
831566
50377
237579
357026
117753
92877
782877
605074
941012
473415
538557
457951
328907
644530
686826
160052
25195
384652
750811
304776
562846
986572
900430
214176
179402
92031
528761
923385
703713
193197
950521
785517
156399
131174
40279
608668
628594
276924
865658
154420
323800
621186
770411
537834
919077
309144
447266
749522
112326
259098
709484
992706
74055
832683
126130
967053
547184
4941
6188
636113
761130
535453
693231
879449
351105
970100
370987
744976
454828
489528
910133
78315
60812
744731
285545
963582
81542
801935
950929
543659
221136
928071
516368
316829
95475
558900
267127
340391
167679
468898
231650
743870
204612
52844
245646
72806
452248
252576
919506
367897
727866
629211
617337
6304
473261
156065
475364
443853
38991
359635
493859
118540
949311
408918
117402
136931
48151
32609
551793
687834
732765
534753
684326
489353
408312
551784
50508
759210
326376
709
316935
450521
142488
50243
230080
231024
461480
690760
234503
438403
774799
327666
501126
293561
314071
214717
878165
819920
720673
414646
637521
100670
811549
703601
942159
96623
983296
930139
764158
207528
18751
789976
64680
582226
706289
423336
676484
673753
749785
998219
473424
197546
908375
163827
935900
938581
280359
616864
336736
385565
990791
968162
404698
17611
801250
895794
639602
605810
112728
900242
345675
162808
738063
696537
946457
761010
282508
178930
842927
136768
773174
123306
401281
504690
846332
761544
907756
820574
565909
416790
215646
193218
463201
278217
217154
565675
981425
93222
152942
531013
79257
677813
514399
818092
335254
41450
135191
713992
921121
459648
84057
541112
393880
963515
818267
299100
320207
555916
605200
636048
131663
496974
750783
871936
487258
621623
227975
383919
555544
183397
37497
439457
415705
991702
126069
775323
645250
997265
171810
13245
529230
803862
824384
484061
630568
317609
925238
519294
642222
429601
295831
403897
437843
665812
738746
697204
489339
111489
605233
683511
769514
157242
88699
239740
813153
551126
211817
85460
381088
816810
796716
169995
768783
158381
186857
253279
660496
785963
369371
906991
501135
301646
214585
10238
148645
362797
775584
693482
241630
902648
583632
276903
240575
250461
369479
647725
886044
966933
702628
237515
184930
421253
395656
252068
455523
267882
765596
393698
441127
573973
599933
433629
759063
348126
763962
264492
56363
808583
187899
775461
759240
532048
73748
554528
438654
951247
349963
260320
434956
730962
887848
417958
692620
438871
708230
262306
501208
156308
232470
569740
104741
605210
646933
542781
323872
363176
432442
84494
172921
203497
882257
789012
592683
405801
497582
626854
6426
894259
37074
641337
225395
99787
745503
401210
667938
505088
837204
295503
85023
636304
382307
102650
115194
607871
875730
175350
173104
284373
782300
522106
620132
391048
306787
760927
910503
546084
997547
207336
412831
572419
262548
46764
250348
588282
244163
302208
887090
952846
605701
725980
159659
491367
27152
624837
859064
284217
768097
309982
961550
558024
819352
603967
890624
347581
815366
689935
284867
597711
339684
776654
544425
822732
426854
237546
779248
621116
509528
761062
663760
117476
877783
490696
893376
441056
861492
346206
392106
421539
234254
101729
717869
12120
953985
251070
413426
117445
917589
882856
510452
882061
492858
231794
49875
651484
437911
191644
271975
24172
575809
263209
845935
155556
104028
706522
361703
876240
587470
867350
11985
320152
4615
810191
137000
181951
114797
426462
163425
861468
253935
429094
750142
466402
724625
900918
506299
216595
67005
232991
345778
760870
306947
414645
184168
527292
837756
91821
323695
851791
679244
285677
52482
882426
717399
17185
44678
267843
342806
933112
261033
642478
797645
989836
753782
161437
71543
877458
403931
761365
112285
717914
680037
709696
113415
18917
694447
888247
717464
874081
7254
350601
418701
991545
275211
240354
378011
516304
736683
466842
81941
736297
408459
294847
808874
340715
426960
848598
178856
91803
665020
86937
834049
908718
680770
527614
335542
569781
732234
357058
703347
960336
328133
820149
726858
749459
923002
301294
511621
582446
190805
765392
543465
605169
352161
2741
631143
851483
250781
323208
254985
496152
316883
21375
745177
874013
36826
866225
541293
37722
363746
306800
831741
5409
511033
441427
886660
840428
858845
406852
316210
717418
597329
713540
361802
573403
697383
23350
336322
654583
349250
218927
525328
743589
523992
647283
132091
81704
983845
6924
559408
454512
842310
867275
202710
651861
875783
514353
816795
723080
10395
626919
696522
57261
499227
389613
706956
573242
550727
130868
554751
581218
888845
922012
382863
25426
719910
90665
422767
460238
990826
844070
520225
748822
235492
156165
3134
798965
554243
770688
169263
320173
67029
404573
256528
438991
246861
136943
694540
244463
971277
99462
934145
382776
898252
400028
7982
924135
728503
972252
614953
857015
940313
187311
237238
101585
79811
927295
330218
476031
958308
988072
965750
776876
987914
255584
235235
658315
622333
372671
765700
120678
772360
639096
580324
342720
31997
470888
172514
689591
289788
991975
499955
619156
387818
693716
291904
200008
273853
163371
430963
600859
440915
831530
227713
57413
682181
124538
999274
38147
311929
148967
665107
893926
665285
321321
137146
208246
837274
258727
394298
668606
993098
118512
690903
495390
766034
550179
380735
281539
338872
779154
310283
605462
336311
214045
476760
546650
631631
39608
262668
787046
911372
371736
225750
45887
619996
45158
468637
607294
121392
350837
489518
165846
160658
937236
265484
734434
294179
258817
139415
378081
583233
568509
977162
674552
593711
511038
198097
475465
395454
497937
45128
652670
705978
758897
305806
656254
715083
514505
910331
860285
722739
899137
466146
164853
412690
490090
13451
657767
806960
413914
471836
832093
108371
639001
63323
395261
688586
882937
815145
769320
171960
781240
171274
22556
846408
659613
494475
745950
124268
803871
794514
795250
604482
282510
868968
509368
522901
40375
514926
178517
21081
86407
779419
712673
36372
807279
400853
190102
233869
300842
858214
322436
909373
749984
983531
385803
314677
151296
495590
838667
211432
295440
136438
143239
100770
282024
142183
280028
475584
493530
206822
952075
194816
51702
148710
484623
421055
660166
678862
402499
615355
236607
943722
632080
989939
463961
288388
270977
961181
287246
892994
643100
313578
248144
562614
370126
2126
902566
103841
805260
93913
62606
615802
890720
719161
250612
269353
308027
168006
865180
487577
584883
760990
324244
198237
365657
225380
365366
601073
467605
303329
797146
777420
722170
892582
675955
269396
512538
927134
399896
523794
539264
477108
763190
875664
899526
231958
617836
163478
135453
318641
474873
999793
408563
604518
683695
2637
486531
862566
712023
13526
243671
677136
4650
307010
469957
661069
643353
528725
721521
697336
437394
157571
353261
584579
450387
115697
968024
613840
272122
484257
727755
885639
258626
84472
648277
647850
152801
794522
762885
301445
91955
440041
614594
530730
260350
265346
982385
371682
891012
674493
879320
310304
627444
27199
854523
581384
732498
41222
863987
437915
968440
859586
509431
222350
605094
400040
107466
174126
951615
506921
275478
829259
441927
314401
983733
98869
231967
334568
306294
820659
642651
156866
796321
17472
375494
706364
434825
548759
169510
286340
20203
870229
328138
586639
18811
579342
250070
64348
361426
924001
740176
235792
806859
133736
683029
357006
798498
939454
271119
20309
948625
123003
996119
446559
662624
987910
881648
508323
160031
426822
778393
342223
474829
101950
327650
629332
469262
882273
376175
901129
139559
251503
152188
433083
426887
358428
540659
582513
530536
650473
164427
58651
863305
714951
999678
443301
247623
275731
828706
528310
468021
323226
917431
713520
943722
59998
981729
322460
932773
928861
344181
343528
260086
312659
753427
350466
383478
218745
224321
950309
208304
433014
4591
141430
911093
560039
509743
859391
705623
570145
969824
698830
152496
577050
737038
806739
252280
423453
622166
987714
83275
387114
378975
639148
103606
171874
467737
612161
675173
946810
544896
522270
827413
679369
652822
436614
121218
809663
609074
364778
352319
428451
151319
580344
103189
65399
761551
104371
267985
323831
744465
813987
296059
292094
815707
784269
960409
513142
892310
966496
622801
309385
887429
504511
785199
20367
302265
443858
603215
523988
777008
493932
708865
286866
263681
317429
876896
2418
39758
823081
905148
853727
397052
107318
600058
51262
538756
899118
929671
186785
361663
187562
960228
811469
3089
519209
728964
58748
105157
393394
9522
188443
351362
61437
285814
121517
579410
510679
428702
690229
623118
531644
896149
337015
271157
394799
824717
16517
361634
68019
107481
938501
37221
885440
881083
588147
696737
675105
693851
490772
478177
683044
717288
392494
97484
118571
932713
908533
574931
608089
772741
48139
921094
174181
128780
669878
697283
566805
285498
46990
105148
562767
974321
952068
255124
639278
87452
269952
235171
459335
467877
618277
376342
766426
708897
374093
190148
641879
712944
678449
777561
173369
840772
757069
912120
336252
470869
879027
321613
231807
127377
509534
34420
142516
54963
560366
738657
122883
284769
57685
297374
197959
718032
147704
32624
495279
29330
488496
224670
457631
272192
891187
163320
320324
973857
594716
773325
221324
662415
827703
598161
35484
649056
154443
839189
242790
956432
943413
677519
640040
53811
305746
919910
522744
593377
565796
366523
185712
230948
499401
484408
620195
353562
796330
756629
476561
441066
921669
794554
262236
525995
837232
221509
321506
661641
817663
235180
580958
255106
967142
871441
942931
802265
519706
407644
990185
849179
264311
95335
426946
860706
993821
430436
85826
437390
316260
672907
977450
697891
192040
379075
300538
261119
543075
589285
423153
807473
201534
984849
755992
144310
971978
438432
771118
498891
292646
954553
828583
662941
528334
457181
978348
812806
579378
940000
863505
395038
85842
180342
440456
637396
711135
557486
386973
681924
770152
600456
387194
631332
389476
571392
504454
275017
135512
301599
695696
76600
358868
19671
646858
295760
486660
97591
28156
363838
495783
926983
482579
692028
714602
380485
137933
694285
446701
567043
988151
681213
956
123716
853223
350345
809210
351441
395558
207308
602117
258377
757273
750806
236875
437639
252284
942448
988016
66278
150080
726359
350578
211502
302457
118493
537614
759625
333672
612192
327684
544182
705191
375084
13020
602409
569191
205969
692847
853488
602927
102252
888169
37628
731837
56709
523820
206976
187018
339881
189641
984539
312805
283338
618349
304992
492187
866956
249757
372777
251482
278744
350186
984705
194628
783336
152033
667771
252043
690555
16285
186957
303165
367776
842291
571479
167973
774211
275704
628310
661425
460749
381197
170713
954194
638246
98075
18819
422914
403726
69879
382483
549707
673178
676622
855565
163750
746293
687037
779417
187254
533307
966782
178521
811464
976611
882147
541618
918976
556948
63795
240412
809978
868563
428741
759526
776315
679297
176921
280722
630885
306829
179856
254812
278082
858169
113177
544240
895126
729463
317059
262230
258714
133194
443541
224081
664716
52753
514177
222423
359473
531850
510652
61780
605455
510467
137201
476438
676940
405590
381874
484050
53272
39003
598681
10632
890112
940134
276149
498084
309124
33061
503711
784217
299656
469882
523380
252920
769436
21244
595994
497957
216047
860783
964306
366333
655203
257116
88913
32306
476528
973514
823423
379037
204862
240945
96305
127076
361715
61848
971395
149948
857103
598638
570691
237483
186709
710909
473768
399070
975277
403603
786158
809140
639093
338194
866600
612874
503372
547091
526808
103093
506904
835978
116613
875405
15390
562983
7554
460974
36368
722446
532001
371699
336850
883127
30337
63702
27359
618751
743460
409577
80583
608199
56753
73684
447503
202673
897583
746005
151401
965723
631203
104229
933393
375451
198440
222507
554068
847549
544608
399577
3159
75518
167916
623583
943889
639377
612726
723819
551964
754420
8768
456360
63041
30730
479895
322882
222721
412858
587104
615883
207905
270257
271340
183218
175442
50086
21655
751278
611897
56899
997119
179011
701771
759744
281112
235974
650765
833846
838546
787333
482499
647302
149783
615817
623831
758489
280301
364557
545928
906720
298570
327412
405126
788692
772210
779223
615313
104794
119972
660870
182909
79197
610560
641274
705198
740795
95531
319461
891506
413178
352433
705799
651937
413866
804809
334974
215075
337322
184991
766885
965045
600030
643934
573520
730811
743311
69749
819291
591698
590380
295208
984519
183013
940018
180683
205943
685043
793174
361264
642776
977776
854373
590030
518938
163982
458068
212810
480422
535636
460621
729575
548678
389132
246230
900262
649543
917931
9795
983574
983713
206935
348380
180817
798241
422905
72007
546766
51919
579173
127558
790301
981214
472285
404327
722850
919745
606837
395595
33550
12242
637914
827594
422493
116666
503246
142875
300407
921779
670938
554770
674945
966399
571395
19603
846081
702473
58335
389146
421684
252044
400956
789560
111110
137954
327709
723458
840282
136224
780564
732067
376582
562523
170945
996394
908673
486005
808082
532017
793318
811579
108369
806335
295873
68398
816895
241297
104161
289644
982916
509303
261909
120007
608766
600808
794429
751684
20130
325635
513031
844587
29693
965225
812257
762430
367053
177059
873344
865565
320674
950861
115217
66162
965019
420456
904808
464187
889355
8049
462751
53530
611754
102369
742639
281659
670198
366526
223909
228099
149592
28904
153956
911113
857265
422048
655821
538052
641193
136851
321899
950315
785867
541832
780591
462236
657146
865059
608748
212523
276355
368494
149381
176014
617749
77202
476717
134046
548634
336274
707045
135100
630080
515820
831980
363229
823655
567317
215012
534251
686387
990235
706889
757841
556874
839003
732873
995907
250715
785701
412250
662855